0000
0000
0000
0000
0000
0000
0000
0000
0000
0000
0000
0000
0000
0000
0000
0000
0000
0000
0000
0000
0000
0000
0000
0000
0000
0000
0000
0000
0000
0000
0000
0000
0000
0000
0000
0000
0000
0000
0000
0000
0000
0000
0000
0000
0000
0000
0000
0000
0000
0000
0000
0000
0000
0000
0000
0000
0000
0000
0000
0000
0000
0000
0000
0000
0000
0000
0000
0000
0000
0000
0000
0000
0000
0000
0000
0000
0000
0000
0000
0000
0000
0000
0000
0000
0000
0000
0000
0000
0000
0000
0000
0000
0000
0000
0000
0000
0000
0000
0000
0000
0000
0000
0000
0000
0000
0000
0000
0000
0000
0000
0000
0000
0000
0000
0000
0000
0000
0000
0000
0000
0000
0000
0000
0000
0000
0000
0000
0000
0000
0000
0000
0000
0000
0000
0000
0000
0000
0000
0000
0000
0000
0000
0000
0000
0000
0000
0000
0000
0000
0000
0000
0000
0000
0000
0000
0000
0000
0000
0000
0000
0000
0000
0000
0000
0000
0000
0000
0000
0000
0000
0000
0000
0000
0000
0000
0000
0000
0000
0000
0000
0000
0000
0000
0000
0000
0000
0000
0000
0000
0000
0000
0040
2EBF
2EBE
2EBD
2EBC
2EBB
2EBA
2EB9
2EB8
2EB7
2EB6
2EB5
2EB4
2EB3
2EB2
2EB1
2EB0
2EAF
2EAE
2EAD
2EAC
2EAB
2EAA
2EA9
2EA8
2EA7
2EA6
2EA5
2EA4
2EA3
2EA2
2EA1
2EA0
2E9F
2E9E
2E9D
2E9C
2E9B
2E9A
2E99
2E98
2E97
2E96
2E95
2E94
2E93
2E92
2E91
2E90
2E8F
2E8E
2E8D
2E8C
2E8B
2E8A
2E89
2E88
2E87
2E86
2E85
2E84
2E83
2E82
2E81
2E80
