0000
0000
0000
0000
0000
0000
0000
0000
0000
0000
0000
0000
0000
0000
0000
0000
0000
0000
0000
0000
0000
0000
0000
0000
0000
0000
0000
0000
0000
0000
0000
0000
0000
0000
0000
0000
0000
0000
0000
0000
0000
0000
0000
0000
0000
0000
0000
0000
0000
0000
0000
0000
0000
0000
0000
0000
0000
0000
0000
0000
0000
0000
0000
0000
0000
0000
0000
0000
0000
0000
0000
0000
0000
0000
0000
0000
0000
0000
0000
0000
0000
0000
0000
0000
0000
0000
0000
0000
0000
0000
0000
0000
0000
0000
0000
0000
0000
0000
0000
0000
0000
0000
0000
0000
0000
0000
0000
0000
0000
0000
0000
0000
0000
0000
0000
0000
0000
0000
0000
0000
0000
0000
0000
0000
0000
0000
0000
0000
0000
0000
0000
0000
0000
0000
0000
0000
0000
0000
0000
0000
0000
0000
0000
0000
0000
0000
0000
0000
0000
0000
0000
0000
0000
0000
0000
0000
0000
0000
0000
0000
0000
0000
0000
0000
0000
0000
0000
0000
0000
0000
0000
0000
0000
0000
0000
0000
0000
0000
0000
0000
0000
0000
0000
0000
0000
0000
0000
0000
0000
0000
0000
0040
19FF
19FE
19FD
19FC
19FB
19FA
19F9
19F8
19F7
19F6
19F5
19F4
19F3
19F2
19F1
19F0
19EF
19EE
19ED
19EC
19EB
19EA
19E9
19E8
19E7
19E6
19E5
19E4
19E3
19E2
19E1
19E0
19DF
19DE
19DD
19DC
19DB
19DA
19D9
19D8
19D7
19D6
19D5
19D4
19D3
19D2
19D1
19D0
19CF
19CE
19CD
19CC
19CB
19CA
19C9
19C8
19C7
19C6
19C5
19C4
19C3
19C2
19C1
19C0
