0000
0000
0000
0000
0000
0000
0000
0000
0000
0000
0000
0000
0000
0000
0000
0000
0000
0000
0000
0000
0000
0000
0000
0000
0000
0000
0000
0000
0000
0000
0000
0000
0000
0000
0000
0000
0000
0000
0000
0000
0000
0000
0000
0000
0000
0000
0000
0000
0000
0000
0000
0000
0000
0000
0000
0000
0000
0000
0000
0000
0000
0000
0000
0000
0000
0000
0000
0000
0000
0000
0000
0000
0000
0000
0000
0000
0000
0000
0000
0000
0000
0000
0000
0000
0000
0000
0000
0000
0000
0000
0000
0000
0000
0000
0000
0000
0000
0000
0000
0000
0000
0000
0000
0000
0000
0000
0000
0000
0000
0000
0000
0000
0000
0000
0000
0000
0000
0000
0000
0000
0000
0000
0000
0000
0000
0000
0000
0000
0000
0000
0000
0000
0000
0000
0000
0000
0000
0000
0000
0000
0000
0000
0000
0000
0000
0000
0000
0000
0000
0000
0000
0000
0000
0000
0000
0000
0000
0000
0000
0000
0000
0000
0000
0000
0000
0000
0000
0000
0000
0000
0000
0000
0000
0000
0000
0000
0000
0000
0000
0000
0000
0000
0000
0000
0000
0000
0000
0000
0000
0000
0000
0040
3EBF
3EBE
3EBD
3EBC
3EBB
3EBA
3EB9
3EB8
3EB7
3EB6
3EB5
3EB4
3EB3
3EB2
3EB1
3EB0
3EAF
3EAE
3EAD
3EAC
3EAB
3EAA
3EA9
3EA8
3EA7
3EA6
3EA5
3EA4
3EA3
3EA2
3EA1
3EA0
3E9F
3E9E
3E9D
3E9C
3E9B
3E9A
3E99
3E98
3E97
3E96
3E95
3E94
3E93
3E92
3E91
3E90
3E8F
3E8E
3E8D
3E8C
3E8B
3E8A
3E89
3E88
3E87
3E86
3E85
3E84
3E83
3E82
3E81
3E80
