0000
0000
0000
0000
0000
0000
0000
0000
0000
0000
0000
0000
0000
0000
0000
0000
0000
0000
0000
0000
0000
0000
0000
0000
0000
0000
0000
0000
0000
0000
0000
0000
0000
0000
0000
0000
0000
0000
0000
0000
0000
0000
0000
0000
0000
0000
0000
0000
0000
0000
0000
0000
0000
0000
0000
0000
0000
0000
0000
0000
0000
0000
0000
0000
0000
0000
0000
0000
0000
0000
0000
0000
0000
0000
0000
0000
0000
0000
0000
0000
0000
0000
0000
0000
0000
0000
0000
0000
0000
0000
0000
0000
0000
0000
0000
0000
0000
0000
0000
0000
0000
0000
0000
0000
0000
0000
0000
0000
0000
0000
0000
0000
0000
0000
0000
0000
0000
0000
0000
0000
0000
0000
0000
0000
0000
0000
0000
0000
0000
0000
0000
0000
0000
0000
0000
0000
0000
0000
0000
0000
0000
0000
0000
0000
0000
0000
0000
0000
0000
0000
0000
0000
0000
0000
0000
0000
0000
0000
0000
0000
0000
0000
0000
0000
0000
0000
0000
0000
0000
0000
0000
0000
0000
0000
0000
0000
0000
0000
0000
0000
0000
0000
0000
0000
0000
0000
0000
0000
0000
0000
0000
0040
35FF
35FE
35FD
35FC
35FB
35FA
35F9
35F8
35F7
35F6
35F5
35F4
35F3
35F2
35F1
35F0
35EF
35EE
35ED
35EC
35EB
35EA
35E9
35E8
35E7
35E6
35E5
35E4
35E3
35E2
35E1
35E0
35DF
35DE
35DD
35DC
35DB
35DA
35D9
35D8
35D7
35D6
35D5
35D4
35D3
35D2
35D1
35D0
35CF
35CE
35CD
35CC
35CB
35CA
35C9
35C8
35C7
35C6
35C5
35C4
35C3
35C2
35C1
35C0
