0000
0000
0000
0000
0000
0000
0000
0000
0000
0000
0000
0000
0000
0000
0000
0000
0000
0000
0000
0000
0000
0000
0000
0000
0000
0000
0000
0000
0000
0000
0000
0000
0000
0000
0000
0000
0000
0000
0000
0000
0000
0000
0000
0000
0000
0000
0000
0000
0000
0000
0000
0000
0000
0000
0000
0000
0000
0000
0000
0000
0000
0000
0000
0000
0000
0000
0000
0000
0000
0000
0000
0000
0000
0000
0000
0000
0000
0000
0000
0000
0000
0000
0000
0000
0000
0000
0000
0000
0000
0000
0000
0000
0000
0000
0000
0000
0000
0000
0000
0000
0000
0000
0000
0000
0000
0000
0000
0000
0000
0000
0000
0000
0000
0000
0000
0000
0000
0000
0000
0000
0000
0000
0000
0000
0000
0000
0000
0000
0000
0000
0000
0000
0000
0000
0000
0000
0000
0000
0000
0000
0000
0000
0000
0000
0000
0000
0000
0000
0000
0000
0000
0000
0000
0000
0000
0000
0000
0000
0000
0000
0000
0000
0000
0000
0000
0000
0000
0000
0000
0000
0000
0000
0000
0000
0000
0000
0000
0000
0000
0000
0000
0000
0000
0000
0000
0000
0000
0000
0000
0000
0000
0040
3FBF
3FBE
3FBD
3FBC
3FBB
3FBA
3FB9
3FB8
3FB7
3FB6
3FB5
3FB4
3FB3
3FB2
3FB1
3FB0
3FAF
3FAE
3FAD
3FAC
3FAB
3FAA
3FA9
3FA8
3FA7
3FA6
3FA5
3FA4
3FA3
3FA2
3FA1
3FA0
3F9F
3F9E
3F9D
3F9C
3F9B
3F9A
3F99
3F98
3F97
3F96
3F95
3F94
3F93
3F92
3F91
3F90
3F8F
3F8E
3F8D
3F8C
3F8B
3F8A
3F89
3F88
3F87
3F86
3F85
3F84
3F83
3F82
3F81
3F80
