0000
0000
0000
0000
0000
0000
0000
0000
0000
0000
0000
0000
0000
0000
0000
0000
0000
0000
0000
0000
0000
0000
0000
0000
0000
0000
0000
0000
0000
0000
0000
0000
0000
0000
0000
0000
0000
0000
0000
0000
0000
0000
0000
0000
0000
0000
0000
0000
0000
0000
0000
0000
0000
0000
0000
0000
0000
0000
0000
0000
0000
0000
0000
0000
0000
0000
0000
0000
0000
0000
0000
0000
0000
0000
0000
0000
0000
0000
0000
0000
0000
0000
0000
0000
0000
0000
0000
0000
0000
0000
0000
0000
0000
0000
0000
0000
0000
0000
0000
0000
0000
0000
0000
0000
0000
0000
0000
0000
0000
0000
0000
0000
0000
0000
0000
0000
0000
0000
0000
0000
0000
0000
0000
0000
0000
0000
0000
0000
0000
0000
0000
0000
0000
0000
0000
0000
0000
0000
0000
0000
0000
0000
0000
0000
0000
0000
0000
0000
0000
0000
0000
0000
0000
0000
0000
0000
0000
0000
0000
0000
0000
0000
0000
0000
0000
0000
0000
0000
0000
0000
0000
0000
0000
0000
0000
0000
0000
0000
0000
0000
0000
0000
0000
0000
0000
0000
0000
0000
0000
0000
0000
0040
0FBF
0FBE
0FBD
0FBC
0FBB
0FBA
0FB9
0FB8
0FB7
0FB6
0FB5
0FB4
0FB3
0FB2
0FB1
0FB0
0FAF
0FAE
0FAD
0FAC
0FAB
0FAA
0FA9
0FA8
0FA7
0FA6
0FA5
0FA4
0FA3
0FA2
0FA1
0FA0
0F9F
0F9E
0F9D
0F9C
0F9B
0F9A
0F99
0F98
0F97
0F96
0F95
0F94
0F93
0F92
0F91
0F90
0F8F
0F8E
0F8D
0F8C
0F8B
0F8A
0F89
0F88
0F87
0F86
0F85
0F84
0F83
0F82
0F81
0F80
