0000
0000
0000
0000
0000
0000
0000
0000
0000
0000
0000
0000
0000
0000
0000
0000
0000
0000
0000
0000
0000
0000
0000
0000
0000
0000
0000
0000
0000
0000
0000
0000
0000
0000
0000
0000
0000
0000
0000
0000
0000
0000
0000
0000
0000
0000
0000
0000
0000
0000
0000
0000
0000
0000
0000
0000
0000
0000
0000
0000
0000
0000
0000
0000
0000
0000
0000
0000
0000
0000
0000
0000
0000
0000
0000
0000
0000
0000
0000
0000
0000
0000
0000
0000
0000
0000
0000
0000
0000
0000
0000
0000
0000
0000
0000
0000
0000
0000
0000
0000
0000
0000
0000
0000
0000
0000
0000
0000
0000
0000
0000
0000
0000
0000
0000
0000
0000
0000
0000
0000
0000
0000
0000
0000
0000
0000
0000
0000
0000
0000
0000
0000
0000
0000
0000
0000
0000
0000
0000
0000
0000
0000
0000
0000
0000
0000
0000
0000
0000
0000
0000
0000
0000
0000
0000
0000
0000
0000
0000
0000
0000
0000
0000
0000
0000
0000
0000
0000
0000
0000
0000
0000
0000
0000
0000
0000
0000
0000
0000
0000
0000
0000
0000
0000
0000
0000
0000
0000
0000
0000
0000
0040
20FF
20FE
20FD
20FC
20FB
20FA
20F9
20F8
20F7
20F6
20F5
20F4
20F3
20F2
20F1
20F0
20EF
20EE
20ED
20EC
20EB
20EA
20E9
20E8
20E7
20E6
20E5
20E4
20E3
20E2
20E1
20E0
20DF
20DE
20DD
20DC
20DB
20DA
20D9
20D8
20D7
20D6
20D5
20D4
20D3
20D2
20D1
20D0
20CF
20CE
20CD
20CC
20CB
20CA
20C9
20C8
20C7
20C6
20C5
20C4
20C3
20C2
20C1
20C0
