0000
0000
0000
0000
0000
0000
0000
0000
0000
0000
0000
0000
0000
0000
0000
0000
0000
0000
0000
0000
0000
0000
0000
0000
0000
0000
0000
0000
0000
0000
0000
0000
0000
0000
0000
0000
0000
0000
0000
0000
0000
0000
0000
0000
0000
0000
0000
0000
0000
0000
0000
0000
0000
0000
0000
0000
0000
0000
0000
0000
0000
0000
0000
0000
0000
0000
0000
0000
0000
0000
0000
0000
0000
0000
0000
0000
0000
0000
0000
0000
0000
0000
0000
0000
0000
0000
0000
0000
0000
0000
0000
0000
0000
0000
0000
0000
0000
0000
0000
0000
0000
0000
0000
0000
0000
0000
0000
0000
0000
0000
0000
0000
0000
0000
0000
0000
0000
0000
0000
0000
0000
0000
0000
0000
0000
0000
0000
0000
0000
0000
0000
0000
0000
0000
0000
0000
0000
0000
0000
0000
0000
0000
0000
0000
0000
0000
0000
0000
0000
0000
0000
0000
0000
0000
0000
0000
0000
0000
0000
0000
0000
0000
0000
0000
0000
0000
0000
0000
0000
0000
0000
0000
0000
0000
0000
0000
0000
0000
0000
0000
0000
0000
0000
0000
0000
0000
0000
0000
0000
0000
0000
0040
0F7F
0F7E
0F7D
0F7C
0F7B
0F7A
0F79
0F78
0F77
0F76
0F75
0F74
0F73
0F72
0F71
0F70
0F6F
0F6E
0F6D
0F6C
0F6B
0F6A
0F69
0F68
0F67
0F66
0F65
0F64
0F63
0F62
0F61
0F60
0F5F
0F5E
0F5D
0F5C
0F5B
0F5A
0F59
0F58
0F57
0F56
0F55
0F54
0F53
0F52
0F51
0F50
0F4F
0F4E
0F4D
0F4C
0F4B
0F4A
0F49
0F48
0F47
0F46
0F45
0F44
0F43
0F42
0F41
0F40
