0000
0000
0000
0000
0000
0000
0000
0000
0000
0000
0000
0000
0000
0000
0000
0000
0000
0000
0000
0000
0000
0000
0000
0000
0000
0000
0000
0000
0000
0000
0000
0000
0000
0000
0000
0000
0000
0000
0000
0000
0000
0000
0000
0000
0000
0000
0000
0000
0000
0000
0000
0000
0000
0000
0000
0000
0000
0000
0000
0000
0000
0000
0000
0000
0000
0000
0000
0000
0000
0000
0000
0000
0000
0000
0000
0000
0000
0000
0000
0000
0000
0000
0000
0000
0000
0000
0000
0000
0000
0000
0000
0000
0000
0000
0000
0000
0000
0000
0000
0000
0000
0000
0000
0000
0000
0000
0000
0000
0000
0000
0000
0000
0000
0000
0000
0000
0000
0000
0000
0000
0000
0000
0000
0000
0000
0000
0000
0000
0000
0000
0000
0000
0000
0000
0000
0000
0000
0000
0000
0000
0000
0000
0000
0000
0000
0000
0000
0000
0000
0000
0000
0000
0000
0000
0000
0000
0000
0000
0000
0000
0000
0000
0000
0000
0000
0000
0000
0000
0000
0000
0000
0000
0000
0000
0000
0000
0000
0000
0000
0000
0000
0000
0000
0000
0000
0000
0000
0000
0000
0000
0000
0040
2FBF
2FBE
2FBD
2FBC
2FBB
2FBA
2FB9
2FB8
2FB7
2FB6
2FB5
2FB4
2FB3
2FB2
2FB1
2FB0
2FAF
2FAE
2FAD
2FAC
2FAB
2FAA
2FA9
2FA8
2FA7
2FA6
2FA5
2FA4
2FA3
2FA2
2FA1
2FA0
2F9F
2F9E
2F9D
2F9C
2F9B
2F9A
2F99
2F98
2F97
2F96
2F95
2F94
2F93
2F92
2F91
2F90
2F8F
2F8E
2F8D
2F8C
2F8B
2F8A
2F89
2F88
2F87
2F86
2F85
2F84
2F83
2F82
2F81
2F80
