0000
0000
0000
0000
0000
0000
0000
0000
0000
0000
0000
0000
0000
0000
0000
0000
0000
0000
0000
0000
0000
0000
0000
0000
0000
0000
0000
0000
0000
0000
0000
0000
0000
0000
0000
0000
0000
0000
0000
0000
0000
0000
0000
0000
0000
0000
0000
0000
0000
0000
0000
0000
0000
0000
0000
0000
0000
0000
0000
0000
0000
0000
0000
0000
0000
0000
0000
0000
0000
0000
0000
0000
0000
0000
0000
0000
0000
0000
0000
0000
0000
0000
0000
0000
0000
0000
0000
0000
0000
0000
0000
0000
0000
0000
0000
0000
0000
0000
0000
0000
0000
0000
0000
0000
0000
0000
0000
0000
0000
0000
0000
0000
0000
0000
0000
0000
0000
0000
0000
0000
0000
0000
0000
0000
0000
0000
0000
0000
0000
0000
0000
0000
0000
0000
0000
0000
0000
0000
0000
0000
0000
0000
0000
0000
0000
0000
0000
0000
0000
0000
0000
0000
0000
0000
0000
0000
0000
0000
0000
0000
0000
0000
0000
0000
0000
0000
0000
0000
0000
0000
0000
0000
0000
0000
0000
0000
0000
0000
0000
0000
0000
0000
0000
0000
0000
0000
0000
0000
0000
0000
0000
0040
36FF
36FE
36FD
36FC
36FB
36FA
36F9
36F8
36F7
36F6
36F5
36F4
36F3
36F2
36F1
36F0
36EF
36EE
36ED
36EC
36EB
36EA
36E9
36E8
36E7
36E6
36E5
36E4
36E3
36E2
36E1
36E0
36DF
36DE
36DD
36DC
36DB
36DA
36D9
36D8
36D7
36D6
36D5
36D4
36D3
36D2
36D1
36D0
36CF
36CE
36CD
36CC
36CB
36CA
36C9
36C8
36C7
36C6
36C5
36C4
36C3
36C2
36C1
36C0
