0000
0000
0000
0000
0000
0000
0000
0000
0000
0000
0000
0000
0000
0000
0000
0000
0000
0000
0000
0000
0000
0000
0000
0000
0000
0000
0000
0000
0000
0000
0000
0000
0000
0000
0000
0000
0000
0000
0000
0000
0000
0000
0000
0000
0000
0000
0000
0000
0000
0000
0000
0000
0000
0000
0000
0000
0000
0000
0000
0000
0000
0000
0000
0000
0000
0000
0000
0000
0000
0000
0000
0000
0000
0000
0000
0000
0000
0000
0000
0000
0000
0000
0000
0000
0000
0000
0000
0000
0000
0000
0000
0000
0000
0000
0000
0000
0000
0000
0000
0000
0000
0000
0000
0000
0000
0000
0000
0000
0000
0000
0000
0000
0000
0000
0000
0000
0000
0000
0000
0000
0000
0000
0000
0000
0000
0000
0000
0000
0000
0000
0000
0000
0000
0000
0000
0000
0000
0000
0000
0000
0000
0000
0000
0000
0000
0000
0000
0000
0000
0000
0000
0000
0000
0000
0000
0000
0000
0000
0000
0000
0000
0000
0000
0000
0000
0000
0000
0000
0000
0000
0000
0000
0000
0000
0000
0000
0000
0000
0000
0000
0000
0000
0000
0000
0000
0000
0000
0000
0000
0000
0000
0040
05FF
05FE
05FD
05FC
05FB
05FA
05F9
05F8
05F7
05F6
05F5
05F4
05F3
05F2
05F1
05F0
05EF
05EE
05ED
05EC
05EB
05EA
05E9
05E8
05E7
05E6
05E5
05E4
05E3
05E2
05E1
05E0
05DF
05DE
05DD
05DC
05DB
05DA
05D9
05D8
05D7
05D6
05D5
05D4
05D3
05D2
05D1
05D0
05CF
05CE
05CD
05CC
05CB
05CA
05C9
05C8
05C7
05C6
05C5
05C4
05C3
05C2
05C1
05C0
