0000
0000
0000
0000
0000
0000
0000
0000
0000
0000
0000
0000
0000
0000
0000
0000
0000
0000
0000
0000
0000
0000
0000
0000
0000
0000
0000
0000
0000
0000
0000
0000
0000
0000
0000
0000
0000
0000
0000
0000
0000
0000
0000
0000
0000
0000
0000
0000
0000
0000
0000
0000
0000
0000
0000
0000
0000
0000
0000
0000
0000
0000
0000
0000
0000
0000
0000
0000
0000
0000
0000
0000
0000
0000
0000
0000
0000
0000
0000
0000
0000
0000
0000
0000
0000
0000
0000
0000
0000
0000
0000
0000
0000
0000
0000
0000
0000
0000
0000
0000
0000
0000
0000
0000
0000
0000
0000
0000
0000
0000
0000
0000
0000
0000
0000
0000
0000
0000
0000
0000
0000
0000
0000
0000
0000
0000
0000
0000
0000
0000
0000
0000
0000
0000
0000
0000
0000
0000
0000
0000
0000
0000
0000
0000
0000
0000
0000
0000
0000
0000
0000
0000
0000
0000
0000
0000
0000
0000
0000
0000
0000
0000
0000
0000
0000
0000
0000
0000
0000
0000
0000
0000
0000
0000
0000
0000
0000
0000
0000
0000
0000
0000
0000
0000
0000
0000
0000
0000
0000
0000
0000
0040
31FF
31FE
31FD
31FC
31FB
31FA
31F9
31F8
31F7
31F6
31F5
31F4
31F3
31F2
31F1
31F0
31EF
31EE
31ED
31EC
31EB
31EA
31E9
31E8
31E7
31E6
31E5
31E4
31E3
31E2
31E1
31E0
31DF
31DE
31DD
31DC
31DB
31DA
31D9
31D8
31D7
31D6
31D5
31D4
31D3
31D2
31D1
31D0
31CF
31CE
31CD
31CC
31CB
31CA
31C9
31C8
31C7
31C6
31C5
31C4
31C3
31C2
31C1
31C0
