0000
0000
0000
0000
0000
0000
0000
0000
0000
0000
0000
0000
0000
0000
0000
0000
0000
0000
0000
0000
0000
0000
0000
0000
0000
0000
0000
0000
0000
0000
0000
0000
0000
0000
0000
0000
0000
0000
0000
0000
0000
0000
0000
0000
0000
0000
0000
0000
0000
0000
0000
0000
0000
0000
0000
0000
0000
0000
0000
0000
0000
0000
0000
0000
0000
0000
0000
0000
0000
0000
0000
0000
0000
0000
0000
0000
0000
0000
0000
0000
0000
0000
0000
0000
0000
0000
0000
0000
0000
0000
0000
0000
0000
0000
0000
0000
0000
0000
0000
0000
0000
0000
0000
0000
0000
0000
0000
0000
0000
0000
0000
0000
0000
0000
0000
0000
0000
0000
0000
0000
0000
0000
0000
0000
0000
0000
0000
0000
0000
0000
0000
0000
0000
0000
0000
0000
0000
0000
0000
0000
0000
0000
0000
0000
0000
0000
0000
0000
0000
0000
0000
0000
0000
0000
0000
0000
0000
0000
0000
0000
0000
0000
0000
0000
0000
0000
0000
0000
0000
0000
0000
0000
0000
0000
0000
0000
0000
0000
0000
0000
0000
0000
0000
0000
0000
0000
0000
0000
0000
0000
0000
0040
1DFF
1DFE
1DFD
1DFC
1DFB
1DFA
1DF9
1DF8
1DF7
1DF6
1DF5
1DF4
1DF3
1DF2
1DF1
1DF0
1DEF
1DEE
1DED
1DEC
1DEB
1DEA
1DE9
1DE8
1DE7
1DE6
1DE5
1DE4
1DE3
1DE2
1DE1
1DE0
1DDF
1DDE
1DDD
1DDC
1DDB
1DDA
1DD9
1DD8
1DD7
1DD6
1DD5
1DD4
1DD3
1DD2
1DD1
1DD0
1DCF
1DCE
1DCD
1DCC
1DCB
1DCA
1DC9
1DC8
1DC7
1DC6
1DC5
1DC4
1DC3
1DC2
1DC1
1DC0
