0000
0000
0000
0000
0000
0000
0000
0000
0000
0000
0000
0000
0000
0000
0000
0000
0000
0000
0000
0000
0000
0000
0000
0000
0000
0000
0000
0000
0000
0000
0000
0000
0000
0000
0000
0000
0000
0000
0000
0000
0000
0000
0000
0000
0000
0000
0000
0000
0000
0000
0000
0000
0000
0000
0000
0000
0000
0000
0000
0000
0000
0000
0000
0000
0000
0000
0000
0000
0000
0000
0000
0000
0000
0000
0000
0000
0000
0000
0000
0000
0000
0000
0000
0000
0000
0000
0000
0000
0000
0000
0000
0000
0000
0000
0000
0000
0000
0000
0000
0000
0000
0000
0000
0000
0000
0000
0000
0000
0000
0000
0000
0000
0000
0000
0000
0000
0000
0000
0000
0000
0000
0000
0000
0000
0000
0000
0000
0000
0000
0000
0000
0000
0000
0000
0000
0000
0000
0000
0000
0000
0000
0000
0000
0000
0000
0000
0000
0000
0000
0000
0000
0000
0000
0000
0000
0000
0000
0000
0000
0000
0000
0000
0000
0000
0000
0000
0000
0000
0000
0000
0000
0000
0000
0000
0000
0000
0000
0000
0000
0000
0000
0000
0000
0000
0000
0000
0000
0000
0000
0000
0000
0040
2ABF
2ABE
2ABD
2ABC
2ABB
2ABA
2AB9
2AB8
2AB7
2AB6
2AB5
2AB4
2AB3
2AB2
2AB1
2AB0
2AAF
2AAE
2AAD
2AAC
2AAB
2AAA
2AA9
2AA8
2AA7
2AA6
2AA5
2AA4
2AA3
2AA2
2AA1
2AA0
2A9F
2A9E
2A9D
2A9C
2A9B
2A9A
2A99
2A98
2A97
2A96
2A95
2A94
2A93
2A92
2A91
2A90
2A8F
2A8E
2A8D
2A8C
2A8B
2A8A
2A89
2A88
2A87
2A86
2A85
2A84
2A83
2A82
2A81
2A80
