0000
0000
0000
0000
0000
0000
0000
0000
0000
0000
0000
0000
0000
0000
0000
0000
0000
0000
0000
0000
0000
0000
0000
0000
0000
0000
0000
0000
0000
0000
0000
0000
0000
0000
0000
0000
0000
0000
0000
0000
0000
0000
0000
0000
0000
0000
0000
0000
0000
0000
0000
0000
0000
0000
0000
0000
0000
0000
0000
0000
0000
0000
0000
0000
0000
0000
0000
0000
0000
0000
0000
0000
0000
0000
0000
0000
0000
0000
0000
0000
0000
0000
0000
0000
0000
0000
0000
0000
0000
0000
0000
0000
0000
0000
0000
0000
0000
0000
0000
0000
0000
0000
0000
0000
0000
0000
0000
0000
0000
0000
0000
0000
0000
0000
0000
0000
0000
0000
0000
0000
0000
0000
0000
0000
0000
0000
0000
0000
0000
0000
0000
0000
0000
0000
0000
0000
0000
0000
0000
0000
0000
0000
0000
0000
0000
0000
0000
0000
0000
0000
0000
0000
0000
0000
0000
0000
0000
0000
0000
0000
0000
0000
0000
0000
0000
0000
0000
0000
0000
0000
0000
0000
0000
0000
0000
0000
0000
0000
0000
0000
0000
0000
0000
0000
0000
0000
0000
0000
0000
0000
0000
0040
30FF
30FE
30FD
30FC
30FB
30FA
30F9
30F8
30F7
30F6
30F5
30F4
30F3
30F2
30F1
30F0
30EF
30EE
30ED
30EC
30EB
30EA
30E9
30E8
30E7
30E6
30E5
30E4
30E3
30E2
30E1
30E0
30DF
30DE
30DD
30DC
30DB
30DA
30D9
30D8
30D7
30D6
30D5
30D4
30D3
30D2
30D1
30D0
30CF
30CE
30CD
30CC
30CB
30CA
30C9
30C8
30C7
30C6
30C5
30C4
30C3
30C2
30C1
30C0
