0000
0000
0000
0000
0000
0000
0000
0000
0000
0000
0000
0000
0000
0000
0000
0000
0000
0000
0000
0000
0000
0000
0000
0000
0000
0000
0000
0000
0000
0000
0000
0000
0000
0000
0000
0000
0000
0000
0000
0000
0000
0000
0000
0000
0000
0000
0000
0000
0000
0000
0000
0000
0000
0000
0000
0000
0000
0000
0000
0000
0000
0000
0000
0000
0000
0000
0000
0000
0000
0000
0000
0000
0000
0000
0000
0000
0000
0000
0000
0000
0000
0000
0000
0000
0000
0000
0000
0000
0000
0000
0000
0000
0000
0000
0000
0000
0000
0000
0000
0000
0000
0000
0000
0000
0000
0000
0000
0000
0000
0000
0000
0000
0000
0000
0000
0000
0000
0000
0000
0000
0000
0000
0000
0000
0000
0000
0000
0000
0000
0000
0000
0000
0000
0000
0000
0000
0000
0000
0000
0000
0000
0000
0000
0000
0000
0000
0000
0000
0000
0000
0000
0000
0000
0000
0000
0000
0000
0000
0000
0000
0000
0000
0000
0000
0000
0000
0000
0000
0000
0000
0000
0000
0000
0000
0000
0000
0000
0000
0000
0000
0000
0000
0000
0000
0000
0000
0000
0000
0000
0000
0000
0040
18FF
18FE
18FD
18FC
18FB
18FA
18F9
18F8
18F7
18F6
18F5
18F4
18F3
18F2
18F1
18F0
18EF
18EE
18ED
18EC
18EB
18EA
18E9
18E8
18E7
18E6
18E5
18E4
18E3
18E2
18E1
18E0
18DF
18DE
18DD
18DC
18DB
18DA
18D9
18D8
18D7
18D6
18D5
18D4
18D3
18D2
18D1
18D0
18CF
18CE
18CD
18CC
18CB
18CA
18C9
18C8
18C7
18C6
18C5
18C4
18C3
18C2
18C1
18C0
