0000
0000
0000
0000
0000
0000
0000
0000
0000
0000
0000
0000
0000
0000
0000
0000
0000
0000
0000
0000
0000
0000
0000
0000
0000
0000
0000
0000
0000
0000
0000
0000
0000
0000
0000
0000
0000
0000
0000
0000
0000
0000
0000
0000
0000
0000
0000
0000
0000
0000
0000
0000
0000
0000
0000
0000
0000
0000
0000
0000
0000
0000
0000
0000
0000
0000
0000
0000
0000
0000
0000
0000
0000
0000
0000
0000
0000
0000
0000
0000
0000
0000
0000
0000
0000
0000
0000
0000
0000
0000
0000
0000
0000
0000
0000
0000
0000
0000
0000
0000
0000
0000
0000
0000
0000
0000
0000
0000
0000
0000
0000
0000
0000
0000
0000
0000
0000
0000
0000
0000
0000
0000
0000
0000
0000
0000
0000
0000
0000
0000
0000
0000
0000
0000
0000
0000
0000
0000
0000
0000
0000
0000
0000
0000
0000
0000
0000
0000
0000
0000
0000
0000
0000
0000
0000
0000
0000
0000
0000
0000
0000
0000
0000
0000
0000
0000
0000
0000
0000
0000
0000
0000
0000
0000
0000
0000
0000
0000
0000
0000
0000
0000
0000
0000
0000
0000
0000
0000
0000
0000
0000
0040
3EFF
3EFE
3EFD
3EFC
3EFB
3EFA
3EF9
3EF8
3EF7
3EF6
3EF5
3EF4
3EF3
3EF2
3EF1
3EF0
3EEF
3EEE
3EED
3EEC
3EEB
3EEA
3EE9
3EE8
3EE7
3EE6
3EE5
3EE4
3EE3
3EE2
3EE1
3EE0
3EDF
3EDE
3EDD
3EDC
3EDB
3EDA
3ED9
3ED8
3ED7
3ED6
3ED5
3ED4
3ED3
3ED2
3ED1
3ED0
3ECF
3ECE
3ECD
3ECC
3ECB
3ECA
3EC9
3EC8
3EC7
3EC6
3EC5
3EC4
3EC3
3EC2
3EC1
3EC0
