0000
0000
0000
0000
0000
0000
0000
0000
0000
0000
0000
0000
0000
0000
0000
0000
0000
0000
0000
0000
0000
0000
0000
0000
0000
0000
0000
0000
0000
0000
0000
0000
0000
0000
0000
0000
0000
0000
0000
0000
0000
0000
0000
0000
0000
0000
0000
0000
0000
0000
0000
0000
0000
0000
0000
0000
0000
0000
0000
0000
0000
0000
0000
0000
0000
0000
0000
0000
0000
0000
0000
0000
0000
0000
0000
0000
0000
0000
0000
0000
0000
0000
0000
0000
0000
0000
0000
0000
0000
0000
0000
0000
0000
0000
0000
0000
0000
0000
0000
0000
0000
0000
0000
0000
0000
0000
0000
0000
0000
0000
0000
0000
0000
0000
0000
0000
0000
0000
0000
0000
0000
0000
0000
0000
0000
0000
0000
0000
0000
0000
0000
0000
0000
0000
0000
0000
0000
0000
0000
0000
0000
0000
0000
0000
0000
0000
0000
0000
0000
0000
0000
0000
0000
0000
0000
0000
0000
0000
0000
0000
0000
0000
0000
0000
0000
0000
0000
0000
0000
0000
0000
0000
0000
0000
0000
0000
0000
0000
0000
0000
0000
0000
0000
0000
0000
0000
0000
0000
0000
0000
0000
0040
2CFF
2CFE
2CFD
2CFC
2CFB
2CFA
2CF9
2CF8
2CF7
2CF6
2CF5
2CF4
2CF3
2CF2
2CF1
2CF0
2CEF
2CEE
2CED
2CEC
2CEB
2CEA
2CE9
2CE8
2CE7
2CE6
2CE5
2CE4
2CE3
2CE2
2CE1
2CE0
2CDF
2CDE
2CDD
2CDC
2CDB
2CDA
2CD9
2CD8
2CD7
2CD6
2CD5
2CD4
2CD3
2CD2
2CD1
2CD0
2CCF
2CCE
2CCD
2CCC
2CCB
2CCA
2CC9
2CC8
2CC7
2CC6
2CC5
2CC4
2CC3
2CC2
2CC1
2CC0
