0000
0000
0000
0000
0000
0000
0000
0000
0000
0000
0000
0000
0000
0000
0000
0000
0000
0000
0000
0000
0000
0000
0000
0000
0000
0000
0000
0000
0000
0000
0000
0000
0000
0000
0000
0000
0000
0000
0000
0000
0000
0000
0000
0000
0000
0000
0000
0000
0000
0000
0000
0000
0000
0000
0000
0000
0000
0000
0000
0000
0000
0000
0000
0000
0000
0000
0000
0000
0000
0000
0000
0000
0000
0000
0000
0000
0000
0000
0000
0000
0000
0000
0000
0000
0000
0000
0000
0000
0000
0000
0000
0000
0000
0000
0000
0000
0000
0000
0000
0000
0000
0000
0000
0000
0000
0000
0000
0000
0000
0000
0000
0000
0000
0000
0000
0000
0000
0000
0000
0000
0000
0000
0000
0000
0000
0000
0000
0000
0000
0000
0000
0000
0000
0000
0000
0000
0000
0000
0000
0000
0000
0000
0000
0000
0000
0000
0000
0000
0000
0000
0000
0000
0000
0000
0000
0000
0000
0000
0000
0000
0000
0000
0000
0000
0000
0000
0000
0000
0000
0000
0000
0000
0000
0000
0000
0000
0000
0000
0000
0000
0000
0000
0000
0000
0000
0000
0000
0000
0000
0000
0000
0040
1A3F
1A3E
1A3D
1A3C
1A3B
1A3A
1A39
1A38
1A37
1A36
1A35
1A34
1A33
1A32
1A31
1A30
1A2F
1A2E
1A2D
1A2C
1A2B
1A2A
1A29
1A28
1A27
1A26
1A25
1A24
1A23
1A22
1A21
1A20
1A1F
1A1E
1A1D
1A1C
1A1B
1A1A
1A19
1A18
1A17
1A16
1A15
1A14
1A13
1A12
1A11
1A10
1A0F
1A0E
1A0D
1A0C
1A0B
1A0A
1A09
1A08
1A07
1A06
1A05
1A04
1A03
1A02
1A01
1A00
