0000
0000
0000
0000
0000
0000
0000
0000
0000
0000
0000
0000
0000
0000
0000
0000
0000
0000
0000
0000
0000
0000
0000
0000
0000
0000
0000
0000
0000
0000
0000
0000
0000
0000
0000
0000
0000
0000
0000
0000
0000
0000
0000
0000
0000
0000
0000
0000
0000
0000
0000
0000
0000
0000
0000
0000
0000
0000
0000
0000
0000
0000
0000
0000
0000
0000
0000
0000
0000
0000
0000
0000
0000
0000
0000
0000
0000
0000
0000
0000
0000
0000
0000
0000
0000
0000
0000
0000
0000
0000
0000
0000
0000
0000
0000
0000
0000
0000
0000
0000
0000
0000
0000
0000
0000
0000
0000
0000
0000
0000
0000
0000
0000
0000
0000
0000
0000
0000
0000
0000
0000
0000
0000
0000
0000
0000
0000
0000
0000
0000
0000
0000
0000
0000
0000
0000
0000
0000
0000
0000
0000
0000
0000
0000
0000
0000
0000
0000
0000
0000
0000
0000
0000
0000
0000
0000
0000
0000
0000
0000
0000
0000
0000
0000
0000
0000
0000
0000
0000
0000
0000
0000
0000
0000
0000
0000
0000
0000
0000
0000
0000
0000
0000
0000
0000
0000
0000
0000
0000
0000
0000
0040
4A3F
4A3E
4A3D
4A3C
4A3B
4A3A
4A39
4A38
4A37
4A36
4A35
4A34
4A33
4A32
4A31
4A30
4A2F
4A2E
4A2D
4A2C
4A2B
4A2A
4A29
4A28
4A27
4A26
4A25
4A24
4A23
4A22
4A21
4A20
4A1F
4A1E
4A1D
4A1C
4A1B
4A1A
4A19
4A18
4A17
4A16
4A15
4A14
4A13
4A12
4A11
4A10
4A0F
4A0E
4A0D
4A0C
4A0B
4A0A
4A09
4A08
4A07
4A06
4A05
4A04
4A03
4A02
4A01
4A00
