0000
0000
0000
0000
0000
0000
0000
0000
0000
0000
0000
0000
0000
0000
0000
0000
0000
0000
0000
0000
0000
0000
0000
0000
0000
0000
0000
0000
0000
0000
0000
0000
0000
0000
0000
0000
0000
0000
0000
0000
0000
0000
0000
0000
0000
0000
0000
0000
0000
0000
0000
0000
0000
0000
0000
0000
0000
0000
0000
0000
0000
0000
0000
0000
0000
0000
0000
0000
0000
0000
0000
0000
0000
0000
0000
0000
0000
0000
0000
0000
0000
0000
0000
0000
0000
0000
0000
0000
0000
0000
0000
0000
0000
0000
0000
0000
0000
0000
0000
0000
0000
0000
0000
0000
0000
0000
0000
0000
0000
0000
0000
0000
0000
0000
0000
0000
0000
0000
0000
0000
0000
0000
0000
0000
0000
0000
0000
0000
0000
0000
0000
0000
0000
0000
0000
0000
0000
0000
0000
0000
0000
0000
0000
0000
0000
0000
0000
0000
0000
0000
0000
0000
0000
0000
0000
0000
0000
0000
0000
0000
0000
0000
0000
0000
0000
0000
0000
0000
0000
0000
0000
0000
0000
0000
0000
0000
0000
0000
0000
0000
0000
0000
0000
0000
0000
0000
0000
0000
0000
0000
0000
0040
15FF
15FE
15FD
15FC
15FB
15FA
15F9
15F8
15F7
15F6
15F5
15F4
15F3
15F2
15F1
15F0
15EF
15EE
15ED
15EC
15EB
15EA
15E9
15E8
15E7
15E6
15E5
15E4
15E3
15E2
15E1
15E0
15DF
15DE
15DD
15DC
15DB
15DA
15D9
15D8
15D7
15D6
15D5
15D4
15D3
15D2
15D1
15D0
15CF
15CE
15CD
15CC
15CB
15CA
15C9
15C8
15C7
15C6
15C5
15C4
15C3
15C2
15C1
15C0
