0000
0000
0000
0000
0000
0000
0000
0000
0000
0000
0000
0000
0000
0000
0000
0000
0000
0000
0000
0000
0000
0000
0000
0000
0000
0000
0000
0000
0000
0000
0000
0000
0000
0000
0000
0000
0000
0000
0000
0000
0000
0000
0000
0000
0000
0000
0000
0000
0000
0000
0000
0000
0000
0000
0000
0000
0000
0000
0000
0000
0000
0000
0000
0000
0000
0000
0000
0000
0000
0000
0000
0000
0000
0000
0000
0000
0000
0000
0000
0000
0000
0000
0000
0000
0000
0000
0000
0000
0000
0000
0000
0000
0000
0000
0000
0000
0000
0000
0000
0000
0000
0000
0000
0000
0000
0000
0000
0000
0000
0000
0000
0000
0000
0000
0000
0000
0000
0000
0000
0000
0000
0000
0000
0000
0000
0000
0000
0000
0000
0000
0000
0000
0000
0000
0000
0000
0000
0000
0000
0000
0000
0000
0000
0000
0000
0000
0000
0000
0000
0000
0000
0000
0000
0000
0000
0000
0000
0000
0000
0000
0000
0000
0000
0000
0000
0000
0000
0000
0000
0000
0000
0000
0000
0000
0000
0000
0000
0000
0000
0000
0000
0000
0000
0000
0000
0000
0000
0000
0000
0000
0000
0040
4EFF
4EFE
4EFD
4EFC
4EFB
4EFA
4EF9
4EF8
4EF7
4EF6
4EF5
4EF4
4EF3
4EF2
4EF1
4EF0
4EEF
4EEE
4EED
4EEC
4EEB
4EEA
4EE9
4EE8
4EE7
4EE6
4EE5
4EE4
4EE3
4EE2
4EE1
4EE0
4EDF
4EDE
4EDD
4EDC
4EDB
4EDA
4ED9
4ED8
4ED7
4ED6
4ED5
4ED4
4ED3
4ED2
4ED1
4ED0
4ECF
4ECE
4ECD
4ECC
4ECB
4ECA
4EC9
4EC8
4EC7
4EC6
4EC5
4EC4
4EC3
4EC2
4EC1
4EC0
