0000
0000
0000
0000
0000
0000
0000
0000
0000
0000
0000
0000
0000
0000
0000
0000
0000
0000
0000
0000
0000
0000
0000
0000
0000
0000
0000
0000
0000
0000
0000
0000
0000
0000
0000
0000
0000
0000
0000
0000
0000
0000
0000
0000
0000
0000
0000
0000
0000
0000
0000
0000
0000
0000
0000
0000
0000
0000
0000
0000
0000
0000
0000
0000
0000
0000
0000
0000
0000
0000
0000
0000
0000
0000
0000
0000
0000
0000
0000
0000
0000
0000
0000
0000
0000
0000
0000
0000
0000
0000
0000
0000
0000
0000
0000
0000
0000
0000
0000
0000
0000
0000
0000
0000
0000
0000
0000
0000
0000
0000
0000
0000
0000
0000
0000
0000
0000
0000
0000
0000
0000
0000
0000
0000
0000
0000
0000
0000
0000
0000
0000
0000
0000
0000
0000
0000
0000
0000
0000
0000
0000
0000
0000
0000
0000
0000
0000
0000
0000
0000
0000
0000
0000
0000
0000
0000
0000
0000
0000
0000
0000
0000
0000
0000
0000
0000
0000
0000
0000
0000
0000
0000
0000
0000
0000
0000
0000
0000
0000
0000
0000
0000
0000
0000
0000
0000
0000
0000
0000
0000
0000
0040
38FF
38FE
38FD
38FC
38FB
38FA
38F9
38F8
38F7
38F6
38F5
38F4
38F3
38F2
38F1
38F0
38EF
38EE
38ED
38EC
38EB
38EA
38E9
38E8
38E7
38E6
38E5
38E4
38E3
38E2
38E1
38E0
38DF
38DE
38DD
38DC
38DB
38DA
38D9
38D8
38D7
38D6
38D5
38D4
38D3
38D2
38D1
38D0
38CF
38CE
38CD
38CC
38CB
38CA
38C9
38C8
38C7
38C6
38C5
38C4
38C3
38C2
38C1
38C0
