0000
0000
0000
0000
0000
0000
0000
0000
0000
0000
0000
0000
0000
0000
0000
0000
0000
0000
0000
0000
0000
0000
0000
0000
0000
0000
0000
0000
0000
0000
0000
0000
0000
0000
0000
0000
0000
0000
0000
0000
0000
0000
0000
0000
0000
0000
0000
0000
0000
0000
0000
0000
0000
0000
0000
0000
0000
0000
0000
0000
0000
0000
0000
0000
0000
0000
0000
0000
0000
0000
0000
0000
0000
0000
0000
0000
0000
0000
0000
0000
0000
0000
0000
0000
0000
0000
0000
0000
0000
0000
0000
0000
0000
0000
0000
0000
0000
0000
0000
0000
0000
0000
0000
0000
0000
0000
0000
0000
0000
0000
0000
0000
0000
0000
0000
0000
0000
0000
0000
0000
0000
0000
0000
0000
0000
0000
0000
0000
0000
0000
0000
0000
0000
0000
0000
0000
0000
0000
0000
0000
0000
0000
0000
0000
0000
0000
0000
0000
0000
0000
0000
0000
0000
0000
0000
0000
0000
0000
0000
0000
0000
0000
0000
0000
0000
0000
0000
0000
0000
0000
0000
0000
0000
0000
0000
0000
0000
0000
0000
0000
0000
0000
0000
0000
0000
0000
0000
0000
0000
0000
0000
0040
37FF
37FE
37FD
37FC
37FB
37FA
37F9
37F8
37F7
37F6
37F5
37F4
37F3
37F2
37F1
37F0
37EF
37EE
37ED
37EC
37EB
37EA
37E9
37E8
37E7
37E6
37E5
37E4
37E3
37E2
37E1
37E0
37DF
37DE
37DD
37DC
37DB
37DA
37D9
37D8
37D7
37D6
37D5
37D4
37D3
37D2
37D1
37D0
37CF
37CE
37CD
37CC
37CB
37CA
37C9
37C8
37C7
37C6
37C5
37C4
37C3
37C2
37C1
37C0
