0000
0000
0000
0000
0000
0000
0000
0000
0000
0000
0000
0000
0000
0000
0000
0000
0000
0000
0000
0000
0000
0000
0000
0000
0000
0000
0000
0000
0000
0000
0000
0000
0000
0000
0000
0000
0000
0000
0000
0000
0000
0000
0000
0000
0000
0000
0000
0000
0000
0000
0000
0000
0000
0000
0000
0000
0000
0000
0000
0000
0000
0000
0000
0000
0000
0000
0000
0000
0000
0000
0000
0000
0000
0000
0000
0000
0000
0000
0000
0000
0000
0000
0000
0000
0000
0000
0000
0000
0000
0000
0000
0000
0000
0000
0000
0000
0000
0000
0000
0000
0000
0000
0000
0000
0000
0000
0000
0000
0000
0000
0000
0000
0000
0000
0000
0000
0000
0000
0000
0000
0000
0000
0000
0000
0000
0000
0000
0000
0000
0000
0000
0000
0000
0000
0000
0000
0000
0000
0000
0000
0000
0000
0000
0000
0000
0000
0000
0000
0000
0000
0000
0000
0000
0000
0000
0000
0000
0000
0000
0000
0000
0000
0000
0000
0000
0000
0000
0000
0000
0000
0000
0000
0000
0000
0000
0000
0000
0000
0000
0000
0000
0000
0000
0000
0000
0000
0000
0000
0000
0000
0000
0040
49FF
49FE
49FD
49FC
49FB
49FA
49F9
49F8
49F7
49F6
49F5
49F4
49F3
49F2
49F1
49F0
49EF
49EE
49ED
49EC
49EB
49EA
49E9
49E8
49E7
49E6
49E5
49E4
49E3
49E2
49E1
49E0
49DF
49DE
49DD
49DC
49DB
49DA
49D9
49D8
49D7
49D6
49D5
49D4
49D3
49D2
49D1
49D0
49CF
49CE
49CD
49CC
49CB
49CA
49C9
49C8
49C7
49C6
49C5
49C4
49C3
49C2
49C1
49C0
