0000
0000
0000
0000
0000
0000
0000
0000
0000
0000
0000
0000
0000
0000
0000
0000
0000
0000
0000
0000
0000
0000
0000
0000
0000
0000
0000
0000
0000
0000
0000
0000
0000
0000
0000
0000
0000
0000
0000
0000
0000
0000
0000
0000
0000
0000
0000
0000
0000
0000
0000
0000
0000
0000
0000
0000
0000
0000
0000
0000
0000
0000
0000
0000
0000
0000
0000
0000
0000
0000
0000
0000
0000
0000
0000
0000
0000
0000
0000
0000
0000
0000
0000
0000
0000
0000
0000
0000
0000
0000
0000
0000
0000
0000
0000
0000
0000
0000
0000
0000
0000
0000
0000
0000
0000
0000
0000
0000
0000
0000
0000
0000
0000
0000
0000
0000
0000
0000
0000
0000
0000
0000
0000
0000
0000
0000
0000
0000
0000
0000
0000
0000
0000
0000
0000
0000
0000
0000
0000
0000
0000
0000
0000
0000
0000
0000
0000
0000
0000
0000
0000
0000
0000
0000
0000
0000
0000
0000
0000
0000
0000
0000
0000
0000
0000
0000
0000
0000
0000
0000
0000
0000
0000
0000
0000
0000
0000
0000
0000
0000
0000
0000
0000
0000
0000
0000
0000
0000
0000
0000
0000
0040
24FF
24FE
24FD
24FC
24FB
24FA
24F9
24F8
24F7
24F6
24F5
24F4
24F3
24F2
24F1
24F0
24EF
24EE
24ED
24EC
24EB
24EA
24E9
24E8
24E7
24E6
24E5
24E4
24E3
24E2
24E1
24E0
24DF
24DE
24DD
24DC
24DB
24DA
24D9
24D8
24D7
24D6
24D5
24D4
24D3
24D2
24D1
24D0
24CF
24CE
24CD
24CC
24CB
24CA
24C9
24C8
24C7
24C6
24C5
24C4
24C3
24C2
24C1
24C0
