0000
0000
0000
0000
0000
0000
0000
0000
0000
0000
0000
0000
0000
0000
0000
0000
0000
0000
0000
0000
0000
0000
0000
0000
0000
0000
0000
0000
0000
0000
0000
0000
0000
0000
0000
0000
0000
0000
0000
0000
0000
0000
0000
0000
0000
0000
0000
0000
0000
0000
0000
0000
0000
0000
0000
0000
0000
0000
0000
0000
0000
0000
0000
0000
0000
0000
0000
0000
0000
0000
0000
0000
0000
0000
0000
0000
0000
0000
0000
0000
0000
0000
0000
0000
0000
0000
0000
0000
0000
0000
0000
0000
0000
0000
0000
0000
0000
0000
0000
0000
0000
0000
0000
0000
0000
0000
0000
0000
0000
0000
0000
0000
0000
0000
0000
0000
0000
0000
0000
0000
0000
0000
0000
0000
0000
0000
0000
0000
0000
0000
0000
0000
0000
0000
0000
0000
0000
0000
0000
0000
0000
0000
0000
0000
0000
0000
0000
0000
0000
0000
0000
0000
0000
0000
0000
0000
0000
0000
0000
0000
0000
0000
0000
0000
0000
0000
0000
0000
0000
0000
0000
0000
0000
0000
0000
0000
0000
0000
0000
0000
0000
0000
0000
0000
0000
0000
0000
0000
0000
0000
0000
0040
2D7F
2D7E
2D7D
2D7C
2D7B
2D7A
2D79
2D78
2D77
2D76
2D75
2D74
2D73
2D72
2D71
2D70
2D6F
2D6E
2D6D
2D6C
2D6B
2D6A
2D69
2D68
2D67
2D66
2D65
2D64
2D63
2D62
2D61
2D60
2D5F
2D5E
2D5D
2D5C
2D5B
2D5A
2D59
2D58
2D57
2D56
2D55
2D54
2D53
2D52
2D51
2D50
2D4F
2D4E
2D4D
2D4C
2D4B
2D4A
2D49
2D48
2D47
2D46
2D45
2D44
2D43
2D42
2D41
2D40
