0000
0000
0000
0000
0000
0000
0000
0000
0000
0000
0000
0000
0000
0000
0000
0000
0000
0000
0000
0000
0000
0000
0000
0000
0000
0000
0000
0000
0000
0000
0000
0000
0000
0000
0000
0000
0000
0000
0000
0000
0000
0000
0000
0000
0000
0000
0000
0000
0000
0000
0000
0000
0000
0000
0000
0000
0000
0000
0000
0000
0000
0000
0000
0000
0000
0000
0000
0000
0000
0000
0000
0000
0000
0000
0000
0000
0000
0000
0000
0000
0000
0000
0000
0000
0000
0000
0000
0000
0000
0000
0000
0000
0000
0000
0000
0000
0000
0000
0000
0000
0000
0000
0000
0000
0000
0000
0000
0000
0000
0000
0000
0000
0000
0000
0000
0000
0000
0000
0000
0000
0000
0000
0000
0000
0000
0000
0000
0000
0000
0000
0000
0000
0000
0000
0000
0000
0000
0000
0000
0000
0000
0000
0000
0000
0000
0000
0000
0000
0000
0000
0000
0000
0000
0000
0000
0000
0000
0000
0000
0000
0000
0000
0000
0000
0000
0000
0000
0000
0000
0000
0000
0000
0000
0000
0000
0000
0000
0000
0000
0000
0000
0000
0000
0000
0000
0000
0000
0000
0000
0000
0000
0040
2A7F
2A7E
2A7D
2A7C
2A7B
2A7A
2A79
2A78
2A77
2A76
2A75
2A74
2A73
2A72
2A71
2A70
2A6F
2A6E
2A6D
2A6C
2A6B
2A6A
2A69
2A68
2A67
2A66
2A65
2A64
2A63
2A62
2A61
2A60
2A5F
2A5E
2A5D
2A5C
2A5B
2A5A
2A59
2A58
2A57
2A56
2A55
2A54
2A53
2A52
2A51
2A50
2A4F
2A4E
2A4D
2A4C
2A4B
2A4A
2A49
2A48
2A47
2A46
2A45
2A44
2A43
2A42
2A41
2A40
