0000
0000
0000
0000
0000
0000
0000
0000
0000
0000
0000
0000
0000
0000
0000
0000
0000
0000
0000
0000
0000
0000
0000
0000
0000
0000
0000
0000
0000
0000
0000
0000
0000
0000
0000
0000
0000
0000
0000
0000
0000
0000
0000
0000
0000
0000
0000
0000
0000
0000
0000
0000
0000
0000
0000
0000
0000
0000
0000
0000
0000
0000
0000
0000
0000
0000
0000
0000
0000
0000
0000
0000
0000
0000
0000
0000
0000
0000
0000
0000
0000
0000
0000
0000
0000
0000
0000
0000
0000
0000
0000
0000
0000
0000
0000
0000
0000
0000
0000
0000
0000
0000
0000
0000
0000
0000
0000
0000
0000
0000
0000
0000
0000
0000
0000
0000
0000
0000
0000
0000
0000
0000
0000
0000
0000
0000
0000
0000
0000
0000
0000
0000
0000
0000
0000
0000
0000
0000
0000
0000
0000
0000
0000
0000
0000
0000
0000
0000
0000
0000
0000
0000
0000
0000
0000
0000
0000
0000
0000
0000
0000
0000
0000
0000
0000
0000
0000
0000
0000
0000
0000
0000
0000
0000
0000
0000
0000
0000
0000
0000
0000
0000
0000
0000
0000
0000
0000
0000
0000
0000
0000
0040
3D3F
3D3E
3D3D
3D3C
3D3B
3D3A
3D39
3D38
3D37
3D36
3D35
3D34
3D33
3D32
3D31
3D30
3D2F
3D2E
3D2D
3D2C
3D2B
3D2A
3D29
3D28
3D27
3D26
3D25
3D24
3D23
3D22
3D21
3D20
3D1F
3D1E
3D1D
3D1C
3D1B
3D1A
3D19
3D18
3D17
3D16
3D15
3D14
3D13
3D12
3D11
3D10
3D0F
3D0E
3D0D
3D0C
3D0B
3D0A
3D09
3D08
3D07
3D06
3D05
3D04
3D03
3D02
3D01
3D00
