0000
0000
0000
0000
0000
0000
0000
0000
0000
0000
0000
0000
0000
0000
0000
0000
0000
0000
0000
0000
0000
0000
0000
0000
0000
0000
0000
0000
0000
0000
0000
0000
0000
0000
0000
0000
0000
0000
0000
0000
0000
0000
0000
0000
0000
0000
0000
0000
0000
0000
0000
0000
0000
0000
0000
0000
0000
0000
0000
0000
0000
0000
0000
0000
0000
0000
0000
0000
0000
0000
0000
0000
0000
0000
0000
0000
0000
0000
0000
0000
0000
0000
0000
0000
0000
0000
0000
0000
0000
0000
0000
0000
0000
0000
0000
0000
0000
0000
0000
0000
0000
0000
0000
0000
0000
0000
0000
0000
0000
0000
0000
0000
0000
0000
0000
0000
0000
0000
0000
0000
0000
0000
0000
0000
0000
0000
0000
0000
0000
0000
0000
0000
0000
0000
0000
0000
0000
0000
0000
0000
0000
0000
0000
0000
0000
0000
0000
0000
0000
0000
0000
0000
0000
0000
0000
0000
0000
0000
0000
0000
0000
0000
0000
0000
0000
0000
0000
0000
0000
0000
0000
0000
0000
0000
0000
0000
0000
0000
0000
0000
0000
0000
0000
0000
0000
0000
0000
0000
0000
0000
0000
0040
25FF
25FE
25FD
25FC
25FB
25FA
25F9
25F8
25F7
25F6
25F5
25F4
25F3
25F2
25F1
25F0
25EF
25EE
25ED
25EC
25EB
25EA
25E9
25E8
25E7
25E6
25E5
25E4
25E3
25E2
25E1
25E0
25DF
25DE
25DD
25DC
25DB
25DA
25D9
25D8
25D7
25D6
25D5
25D4
25D3
25D2
25D1
25D0
25CF
25CE
25CD
25CC
25CB
25CA
25C9
25C8
25C7
25C6
25C5
25C4
25C3
25C2
25C1
25C0
