0000
0000
0000
0000
0000
0000
0000
0000
0000
0000
0000
0000
0000
0000
0000
0000
0000
0000
0000
0000
0000
0000
0000
0000
0000
0000
0000
0000
0000
0000
0000
0000
0000
0000
0000
0000
0000
0000
0000
0000
0000
0000
0000
0000
0000
0000
0000
0000
0000
0000
0000
0000
0000
0000
0000
0000
0000
0000
0000
0000
0000
0000
0000
0000
0000
0000
0000
0000
0000
0000
0000
0000
0000
0000
0000
0000
0000
0000
0000
0000
0000
0000
0000
0000
0000
0000
0000
0000
0000
0000
0000
0000
0000
0000
0000
0000
0000
0000
0000
0000
0000
0000
0000
0000
0000
0000
0000
0000
0000
0000
0000
0000
0000
0000
0000
0000
0000
0000
0000
0000
0000
0000
0000
0000
0000
0000
0000
0000
0000
0000
0000
0000
0000
0000
0000
0000
0000
0000
0000
0000
0000
0000
0000
0000
0000
0000
0000
0000
0000
0000
0000
0000
0000
0000
0000
0000
0000
0000
0000
0000
0000
0000
0000
0000
0000
0000
0000
0000
0000
0000
0000
0000
0000
0000
0000
0000
0000
0000
0000
0000
0000
0000
0000
0000
0000
0000
0000
0000
0000
0000
0000
0040
2C7F
2C7E
2C7D
2C7C
2C7B
2C7A
2C79
2C78
2C77
2C76
2C75
2C74
2C73
2C72
2C71
2C70
2C6F
2C6E
2C6D
2C6C
2C6B
2C6A
2C69
2C68
2C67
2C66
2C65
2C64
2C63
2C62
2C61
2C60
2C5F
2C5E
2C5D
2C5C
2C5B
2C5A
2C59
2C58
2C57
2C56
2C55
2C54
2C53
2C52
2C51
2C50
2C4F
2C4E
2C4D
2C4C
2C4B
2C4A
2C49
2C48
2C47
2C46
2C45
2C44
2C43
2C42
2C41
2C40
