0000
0000
0000
0000
0000
0000
0000
0000
0000
0000
0000
0000
0000
0000
0000
0000
0000
0000
0000
0000
0000
0000
0000
0000
0000
0000
0000
0000
0000
0000
0000
0000
0000
0000
0000
0000
0000
0000
0000
0000
0000
0000
0000
0000
0000
0000
0000
0000
0000
0000
0000
0000
0000
0000
0000
0000
0000
0000
0000
0000
0000
0000
0000
0000
0000
0000
0000
0000
0000
0000
0000
0000
0000
0000
0000
0000
0000
0000
0000
0000
0000
0000
0000
0000
0000
0000
0000
0000
0000
0000
0000
0000
0000
0000
0000
0000
0000
0000
0000
0000
0000
0000
0000
0000
0000
0000
0000
0000
0000
0000
0000
0000
0000
0000
0000
0000
0000
0000
0000
0000
0000
0000
0000
0000
0000
0000
0000
0000
0000
0000
0000
0000
0000
0000
0000
0000
0000
0000
0000
0000
0000
0000
0000
0000
0000
0000
0000
0000
0000
0000
0000
0000
0000
0000
0000
0000
0000
0000
0000
0000
0000
0000
0000
0000
0000
0000
0000
0000
0000
0000
0000
0000
0000
0000
0000
0000
0000
0000
0000
0000
0000
0000
0000
0000
0000
0000
0000
0000
0000
0000
0000
0040
3F7F
3F7E
3F7D
3F7C
3F7B
3F7A
3F79
3F78
3F77
3F76
3F75
3F74
3F73
3F72
3F71
3F70
3F6F
3F6E
3F6D
3F6C
3F6B
3F6A
3F69
3F68
3F67
3F66
3F65
3F64
3F63
3F62
3F61
3F60
3F5F
3F5E
3F5D
3F5C
3F5B
3F5A
3F59
3F58
3F57
3F56
3F55
3F54
3F53
3F52
3F51
3F50
3F4F
3F4E
3F4D
3F4C
3F4B
3F4A
3F49
3F48
3F47
3F46
3F45
3F44
3F43
3F42
3F41
3F40
