0000
0000
0000
0000
0000
0000
0000
0000
0000
0000
0000
0000
0000
0000
0000
0000
0000
0000
0000
0000
0000
0000
0000
0000
0000
0000
0000
0000
0000
0000
0000
0000
0000
0000
0000
0000
0000
0000
0000
0000
0000
0000
0000
0000
0000
0000
0000
0000
0000
0000
0000
0000
0000
0000
0000
0000
0000
0000
0000
0000
0000
0000
0000
0000
0000
0000
0000
0000
0000
0000
0000
0000
0000
0000
0000
0000
0000
0000
0000
0000
0000
0000
0000
0000
0000
0000
0000
0000
0000
0000
0000
0000
0000
0000
0000
0000
0000
0000
0000
0000
0000
0000
0000
0000
0000
0000
0000
0000
0000
0000
0000
0000
0000
0000
0000
0000
0000
0000
0000
0000
0000
0000
0000
0000
0000
0000
0000
0000
0000
0000
0000
0000
0000
0000
0000
0000
0000
0000
0000
0000
0000
0000
0000
0000
0000
0000
0000
0000
0000
0000
0000
0000
0000
0000
0000
0000
0000
0000
0000
0000
0000
0000
0000
0000
0000
0000
0000
0000
0000
0000
0000
0000
0000
0000
0000
0000
0000
0000
0000
0000
0000
0000
0000
0000
0000
0000
0000
0000
0000
0000
0000
0040
4E7F
4E7E
4E7D
4E7C
4E7B
4E7A
4E79
4E78
4E77
4E76
4E75
4E74
4E73
4E72
4E71
4E70
4E6F
4E6E
4E6D
4E6C
4E6B
4E6A
4E69
4E68
4E67
4E66
4E65
4E64
4E63
4E62
4E61
4E60
4E5F
4E5E
4E5D
4E5C
4E5B
4E5A
4E59
4E58
4E57
4E56
4E55
4E54
4E53
4E52
4E51
4E50
4E4F
4E4E
4E4D
4E4C
4E4B
4E4A
4E49
4E48
4E47
4E46
4E45
4E44
4E43
4E42
4E41
4E40
