0000
0000
0000
0000
0000
0000
0000
0000
0000
0000
0000
0000
0000
0000
0000
0000
0000
0000
0000
0000
0000
0000
0000
0000
0000
0000
0000
0000
0000
0000
0000
0000
0000
0000
0000
0000
0000
0000
0000
0000
0000
0000
0000
0000
0000
0000
0000
0000
0000
0000
0000
0000
0000
0000
0000
0000
0000
0000
0000
0000
0000
0000
0000
0000
0000
0000
0000
0000
0000
0000
0000
0000
0000
0000
0000
0000
0000
0000
0000
0000
0000
0000
0000
0000
0000
0000
0000
0000
0000
0000
0000
0000
0000
0000
0000
0000
0000
0000
0000
0000
0000
0000
0000
0000
0000
0000
0000
0000
0000
0000
0000
0000
0000
0000
0000
0000
0000
0000
0000
0000
0000
0000
0000
0000
0000
0000
0000
0000
0000
0000
0000
0000
0000
0000
0000
0000
0000
0000
0000
0000
0000
0000
0000
0000
0000
0000
0000
0000
0000
0000
0000
0000
0000
0000
0000
0000
0000
0000
0000
0000
0000
0000
0000
0000
0000
0000
0000
0000
0000
0000
0000
0000
0000
0000
0000
0000
0000
0000
0000
0000
0000
0000
0000
0000
0000
0000
0000
0000
0000
0000
0000
0040
4BBF
4BBE
4BBD
4BBC
4BBB
4BBA
4BB9
4BB8
4BB7
4BB6
4BB5
4BB4
4BB3
4BB2
4BB1
4BB0
4BAF
4BAE
4BAD
4BAC
4BAB
4BAA
4BA9
4BA8
4BA7
4BA6
4BA5
4BA4
4BA3
4BA2
4BA1
4BA0
4B9F
4B9E
4B9D
4B9C
4B9B
4B9A
4B99
4B98
4B97
4B96
4B95
4B94
4B93
4B92
4B91
4B90
4B8F
4B8E
4B8D
4B8C
4B8B
4B8A
4B89
4B88
4B87
4B86
4B85
4B84
4B83
4B82
4B81
4B80
