0000
0000
0000
0000
0000
0000
0000
0000
0000
0000
0000
0000
0000
0000
0000
0000
0000
0000
0000
0000
0000
0000
0000
0000
0000
0000
0000
0000
0000
0000
0000
0000
0000
0000
0000
0000
0000
0000
0000
0000
0000
0000
0000
0000
0000
0000
0000
0000
0000
0000
0000
0000
0000
0000
0000
0000
0000
0000
0000
0000
0000
0000
0000
0000
0000
0000
0000
0000
0000
0000
0000
0000
0000
0000
0000
0000
0000
0000
0000
0000
0000
0000
0000
0000
0000
0000
0000
0000
0000
0000
0000
0000
0000
0000
0000
0000
0000
0000
0000
0000
0000
0000
0000
0000
0000
0000
0000
0000
0000
0000
0000
0000
0000
0000
0000
0000
0000
0000
0000
0000
0000
0000
0000
0000
0000
0000
0000
0000
0000
0000
0000
0000
0000
0000
0000
0000
0000
0000
0000
0000
0000
0000
0000
0000
0000
0000
0000
0000
0000
0000
0000
0000
0000
0000
0000
0000
0000
0000
0000
0000
0000
0000
0000
0000
0000
0000
0000
0000
0000
0000
0000
0000
0000
0000
0000
0000
0000
0000
0000
0000
0000
0000
0000
0000
0000
0000
0000
0000
0000
0000
0000
0040
2BBF
2BBE
2BBD
2BBC
2BBB
2BBA
2BB9
2BB8
2BB7
2BB6
2BB5
2BB4
2BB3
2BB2
2BB1
2BB0
2BAF
2BAE
2BAD
2BAC
2BAB
2BAA
2BA9
2BA8
2BA7
2BA6
2BA5
2BA4
2BA3
2BA2
2BA1
2BA0
2B9F
2B9E
2B9D
2B9C
2B9B
2B9A
2B99
2B98
2B97
2B96
2B95
2B94
2B93
2B92
2B91
2B90
2B8F
2B8E
2B8D
2B8C
2B8B
2B8A
2B89
2B88
2B87
2B86
2B85
2B84
2B83
2B82
2B81
2B80
