0000
0000
0000
0000
0000
0000
0000
0000
0000
0000
0000
0000
0000
0000
0000
0000
0000
0000
0000
0000
0000
0000
0000
0000
0000
0000
0000
0000
0000
0000
0000
0000
0000
0000
0000
0000
0000
0000
0000
0000
0000
0000
0000
0000
0000
0000
0000
0000
0000
0000
0000
0000
0000
0000
0000
0000
0000
0000
0000
0000
0000
0000
0000
0000
0000
0000
0000
0000
0000
0000
0000
0000
0000
0000
0000
0000
0000
0000
0000
0000
0000
0000
0000
0000
0000
0000
0000
0000
0000
0000
0000
0000
0000
0000
0000
0000
0000
0000
0000
0000
0000
0000
0000
0000
0000
0000
0000
0000
0000
0000
0000
0000
0000
0000
0000
0000
0000
0000
0000
0000
0000
0000
0000
0000
0000
0000
0000
0000
0000
0000
0000
0000
0000
0000
0000
0000
0000
0000
0000
0000
0000
0000
0000
0000
0000
0000
0000
0000
0000
0000
0000
0000
0000
0000
0000
0000
0000
0000
0000
0000
0000
0000
0000
0000
0000
0000
0000
0000
0000
0000
0000
0000
0000
0000
0000
0000
0000
0000
0000
0000
0000
0000
0000
0000
0000
0000
0000
0000
0000
0000
0000
0040
04FF
04FE
04FD
04FC
04FB
04FA
04F9
04F8
04F7
04F6
04F5
04F4
04F3
04F2
04F1
04F0
04EF
04EE
04ED
04EC
04EB
04EA
04E9
04E8
04E7
04E6
04E5
04E4
04E3
04E2
04E1
04E0
04DF
04DE
04DD
04DC
04DB
04DA
04D9
04D8
04D7
04D6
04D5
04D4
04D3
04D2
04D1
04D0
04CF
04CE
04CD
04CC
04CB
04CA
04C9
04C8
04C7
04C6
04C5
04C4
04C3
04C2
04C1
04C0
