0000
0000
0000
0000
0000
0000
0000
0000
0000
0000
0000
0000
0000
0000
0000
0000
0000
0000
0000
0000
0000
0000
0000
0000
0000
0000
0000
0000
0000
0000
0000
0000
0000
0000
0000
0000
0000
0000
0000
0000
0000
0000
0000
0000
0000
0000
0000
0000
0000
0000
0000
0000
0000
0000
0000
0000
0000
0000
0000
0000
0000
0000
0000
0000
0000
0000
0000
0000
0000
0000
0000
0000
0000
0000
0000
0000
0000
0000
0000
0000
0000
0000
0000
0000
0000
0000
0000
0000
0000
0000
0000
0000
0000
0000
0000
0000
0000
0000
0000
0000
0000
0000
0000
0000
0000
0000
0000
0000
0000
0000
0000
0000
0000
0000
0000
0000
0000
0000
0000
0000
0000
0000
0000
0000
0000
0000
0000
0000
0000
0000
0000
0000
0000
0000
0000
0000
0000
0000
0000
0000
0000
0000
0000
0000
0000
0000
0000
0000
0000
0000
0000
0000
0000
0000
0000
0000
0000
0000
0000
0000
0000
0000
0000
0000
0000
0000
0000
0000
0000
0000
0000
0000
0000
0000
0000
0000
0000
0000
0000
0000
0000
0000
0000
0000
0000
0000
0000
0000
0000
0000
0000
0040
4B3F
4B3E
4B3D
4B3C
4B3B
4B3A
4B39
4B38
4B37
4B36
4B35
4B34
4B33
4B32
4B31
4B30
4B2F
4B2E
4B2D
4B2C
4B2B
4B2A
4B29
4B28
4B27
4B26
4B25
4B24
4B23
4B22
4B21
4B20
4B1F
4B1E
4B1D
4B1C
4B1B
4B1A
4B19
4B18
4B17
4B16
4B15
4B14
4B13
4B12
4B11
4B10
4B0F
4B0E
4B0D
4B0C
4B0B
4B0A
4B09
4B08
4B07
4B06
4B05
4B04
4B03
4B02
4B01
4B00
