0000
0000
0000
0000
0000
0000
0000
0000
0000
0000
0000
0000
0000
0000
0000
0000
0000
0000
0000
0000
0000
0000
0000
0000
0000
0000
0000
0000
0000
0000
0000
0000
0000
0000
0000
0000
0000
0000
0000
0000
0000
0000
0000
0000
0000
0000
0000
0000
0000
0000
0000
0000
0000
0000
0000
0000
0000
0000
0000
0000
0000
0000
0000
0000
0000
0000
0000
0000
0000
0000
0000
0000
0000
0000
0000
0000
0000
0000
0000
0000
0000
0000
0000
0000
0000
0000
0000
0000
0000
0000
0000
0000
0000
0000
0000
0000
0000
0000
0000
0000
0000
0000
0000
0000
0000
0000
0000
0000
0000
0000
0000
0000
0000
0000
0000
0000
0000
0000
0000
0000
0000
0000
0000
0000
0000
0000
0000
0000
0000
0000
0000
0000
0000
0000
0000
0000
0000
0000
0000
0000
0000
0000
0000
0000
0000
0000
0000
0000
0000
0000
0000
0000
0000
0000
0000
0000
0000
0000
0000
0000
0000
0000
0000
0000
0000
0000
0000
0000
0000
0000
0000
0000
0000
0000
0000
0000
0000
0000
0000
0000
0000
0000
0000
0000
0000
0000
0000
0000
0000
0000
0000
0040
0B7F
0B7E
0B7D
0B7C
0B7B
0B7A
0B79
0B78
0B77
0B76
0B75
0B74
0B73
0B72
0B71
0B70
0B6F
0B6E
0B6D
0B6C
0B6B
0B6A
0B69
0B68
0B67
0B66
0B65
0B64
0B63
0B62
0B61
0B60
0B5F
0B5E
0B5D
0B5C
0B5B
0B5A
0B59
0B58
0B57
0B56
0B55
0B54
0B53
0B52
0B51
0B50
0B4F
0B4E
0B4D
0B4C
0B4B
0B4A
0B49
0B48
0B47
0B46
0B45
0B44
0B43
0B42
0B41
0B40
