0000
0000
0000
0000
0000
0000
0000
0000
0000
0000
0000
0000
0000
0000
0000
0000
0000
0000
0000
0000
0000
0000
0000
0000
0000
0000
0000
0000
0000
0000
0000
0000
0000
0000
0000
0000
0000
0000
0000
0000
0000
0000
0000
0000
0000
0000
0000
0000
0000
0000
0000
0000
0000
0000
0000
0000
0000
0000
0000
0000
0000
0000
0000
0000
0000
0000
0000
0000
0000
0000
0000
0000
0000
0000
0000
0000
0000
0000
0000
0000
0000
0000
0000
0000
0000
0000
0000
0000
0000
0000
0000
0000
0000
0000
0000
0000
0000
0000
0000
0000
0000
0000
0000
0000
0000
0000
0000
0000
0000
0000
0000
0000
0000
0000
0000
0000
0000
0000
0000
0000
0000
0000
0000
0000
0000
0000
0000
0000
0000
0000
0000
0000
0000
0000
0000
0000
0000
0000
0000
0000
0000
0000
0000
0000
0000
0000
0000
0000
0000
0000
0000
0000
0000
0000
0000
0000
0000
0000
0000
0000
0000
0000
0000
0000
0000
0000
0000
0000
0000
0000
0000
0000
0000
0000
0000
0000
0000
0000
0000
0000
0000
0000
0000
0000
0000
0000
0000
0000
0000
0000
0000
0040
1C3F
1C3E
1C3D
1C3C
1C3B
1C3A
1C39
1C38
1C37
1C36
1C35
1C34
1C33
1C32
1C31
1C30
1C2F
1C2E
1C2D
1C2C
1C2B
1C2A
1C29
1C28
1C27
1C26
1C25
1C24
1C23
1C22
1C21
1C20
1C1F
1C1E
1C1D
1C1C
1C1B
1C1A
1C19
1C18
1C17
1C16
1C15
1C14
1C13
1C12
1C11
1C10
1C0F
1C0E
1C0D
1C0C
1C0B
1C0A
1C09
1C08
1C07
1C06
1C05
1C04
1C03
1C02
1C01
1C00
