0000
0000
0000
0000
0000
0000
0000
0000
0000
0000
0000
0000
0000
0000
0000
0000
0000
0000
0000
0000
0000
0000
0000
0000
0000
0000
0000
0000
0000
0000
0000
0000
0000
0000
0000
0000
0000
0000
0000
0000
0000
0000
0000
0000
0000
0000
0000
0000
0000
0000
0000
0000
0000
0000
0000
0000
0000
0000
0000
0000
0000
0000
0000
0000
0000
0000
0000
0000
0000
0000
0000
0000
0000
0000
0000
0000
0000
0000
0000
0000
0000
0000
0000
0000
0000
0000
0000
0000
0000
0000
0000
0000
0000
0000
0000
0000
0000
0000
0000
0000
0000
0000
0000
0000
0000
0000
0000
0000
0000
0000
0000
0000
0000
0000
0000
0000
0000
0000
0000
0000
0000
0000
0000
0000
0000
0000
0000
0000
0000
0000
0000
0000
0000
0000
0000
0000
0000
0000
0000
0000
0000
0000
0000
0000
0000
0000
0000
0000
0000
0000
0000
0000
0000
0000
0000
0000
0000
0000
0000
0000
0000
0000
0000
0000
0000
0000
0000
0000
0000
0000
0000
0000
0000
0000
0000
0000
0000
0000
0000
0000
0000
0000
0000
0000
0000
0000
0000
0000
0000
0000
0000
0040
02FF
02FE
02FD
02FC
02FB
02FA
02F9
02F8
02F7
02F6
02F5
02F4
02F3
02F2
02F1
02F0
02EF
02EE
02ED
02EC
02EB
02EA
02E9
02E8
02E7
02E6
02E5
02E4
02E3
02E2
02E1
02E0
02DF
02DE
02DD
02DC
02DB
02DA
02D9
02D8
02D7
02D6
02D5
02D4
02D3
02D2
02D1
02D0
02CF
02CE
02CD
02CC
02CB
02CA
02C9
02C8
02C7
02C6
02C5
02C4
02C3
02C2
02C1
02C0
