0000
0000
0000
0000
0000
0000
0000
0000
0000
0000
0000
0000
0000
0000
0000
0000
0000
0000
0000
0000
0000
0000
0000
0000
0000
0000
0000
0000
0000
0000
0000
0000
0000
0000
0000
0000
0000
0000
0000
0000
0000
0000
0000
0000
0000
0000
0000
0000
0000
0000
0000
0000
0000
0000
0000
0000
0000
0000
0000
0000
0000
0000
0000
0000
0000
0000
0000
0000
0000
0000
0000
0000
0000
0000
0000
0000
0000
0000
0000
0000
0000
0000
0000
0000
0000
0000
0000
0000
0000
0000
0000
0000
0000
0000
0000
0000
0000
0000
0000
0000
0000
0000
0000
0000
0000
0000
0000
0000
0000
0000
0000
0000
0000
0000
0000
0000
0000
0000
0000
0000
0000
0000
0000
0000
0000
0000
0000
0000
0000
0000
0000
0000
0000
0000
0000
0000
0000
0000
0000
0000
0000
0000
0000
0000
0000
0000
0000
0000
0000
0000
0000
0000
0000
0000
0000
0000
0000
0000
0000
0000
0000
0000
0000
0000
0000
0000
0000
0000
0000
0000
0000
0000
0000
0000
0000
0000
0000
0000
0000
0000
0000
0000
0000
0000
0000
0000
0000
0000
0000
0000
0000
0040
34FF
34FE
34FD
34FC
34FB
34FA
34F9
34F8
34F7
34F6
34F5
34F4
34F3
34F2
34F1
34F0
34EF
34EE
34ED
34EC
34EB
34EA
34E9
34E8
34E7
34E6
34E5
34E4
34E3
34E2
34E1
34E0
34DF
34DE
34DD
34DC
34DB
34DA
34D9
34D8
34D7
34D6
34D5
34D4
34D3
34D2
34D1
34D0
34CF
34CE
34CD
34CC
34CB
34CA
34C9
34C8
34C7
34C6
34C5
34C4
34C3
34C2
34C1
34C0
