0000
0000
0000
0000
0000
0000
0000
0000
0000
0000
0000
0000
0000
0000
0000
0000
0000
0000
0000
0000
0000
0000
0000
0000
0000
0000
0000
0000
0000
0000
0000
0000
0000
0000
0000
0000
0000
0000
0000
0000
0000
0000
0000
0000
0000
0000
0000
0000
0000
0000
0000
0000
0000
0000
0000
0000
0000
0000
0000
0000
0000
0000
0000
0000
0000
0000
0000
0000
0000
0000
0000
0000
0000
0000
0000
0000
0000
0000
0000
0000
0000
0000
0000
0000
0000
0000
0000
0000
0000
0000
0000
0000
0000
0000
0000
0000
0000
0000
0000
0000
0000
0000
0000
0000
0000
0000
0000
0000
0000
0000
0000
0000
0000
0000
0000
0000
0000
0000
0000
0000
0000
0000
0000
0000
0000
0000
0000
0000
0000
0000
0000
0000
0000
0000
0000
0000
0000
0000
0000
0000
0000
0000
0000
0000
0000
0000
0000
0000
0000
0000
0000
0000
0000
0000
0000
0000
0000
0000
0000
0000
0000
0000
0000
0000
0000
0000
0000
0000
0000
0000
0000
0000
0000
0000
0000
0000
0000
0000
0000
0000
0000
0000
0000
0000
0000
0000
0000
0000
0000
0000
0000
0040
3AFF
3AFE
3AFD
3AFC
3AFB
3AFA
3AF9
3AF8
3AF7
3AF6
3AF5
3AF4
3AF3
3AF2
3AF1
3AF0
3AEF
3AEE
3AED
3AEC
3AEB
3AEA
3AE9
3AE8
3AE7
3AE6
3AE5
3AE4
3AE3
3AE2
3AE1
3AE0
3ADF
3ADE
3ADD
3ADC
3ADB
3ADA
3AD9
3AD8
3AD7
3AD6
3AD5
3AD4
3AD3
3AD2
3AD1
3AD0
3ACF
3ACE
3ACD
3ACC
3ACB
3ACA
3AC9
3AC8
3AC7
3AC6
3AC5
3AC4
3AC3
3AC2
3AC1
3AC0
