0000
0000
0000
0000
0000
0000
0000
0000
0000
0000
0000
0000
0000
0000
0000
0000
0000
0000
0000
0000
0000
0000
0000
0000
0000
0000
0000
0000
0000
0000
0000
0000
0000
0000
0000
0000
0000
0000
0000
0000
0000
0000
0000
0000
0000
0000
0000
0000
0000
0000
0000
0000
0000
0000
0000
0000
0000
0000
0000
0000
0000
0000
0000
0000
0000
0000
0000
0000
0000
0000
0000
0000
0000
0000
0000
0000
0000
0000
0000
0000
0000
0000
0000
0000
0000
0000
0000
0000
0000
0000
0000
0000
0000
0000
0000
0000
0000
0000
0000
0000
0000
0000
0000
0000
0000
0000
0000
0000
0000
0000
0000
0000
0000
0000
0000
0000
0000
0000
0000
0000
0000
0000
0000
0000
0000
0000
0000
0000
0000
0000
0000
0000
0000
0000
0000
0000
0000
0000
0000
0000
0000
0000
0000
0000
0000
0000
0000
0000
0000
0000
0000
0000
0000
0000
0000
0000
0000
0000
0000
0000
0000
0000
0000
0000
0000
0000
0000
0000
0000
0000
0000
0000
0000
0000
0000
0000
0000
0000
0000
0000
0000
0000
0000
0000
0000
0000
0000
0000
0000
0000
0000
0040
3CBF
3CBE
3CBD
3CBC
3CBB
3CBA
3CB9
3CB8
3CB7
3CB6
3CB5
3CB4
3CB3
3CB2
3CB1
3CB0
3CAF
3CAE
3CAD
3CAC
3CAB
3CAA
3CA9
3CA8
3CA7
3CA6
3CA5
3CA4
3CA3
3CA2
3CA1
3CA0
3C9F
3C9E
3C9D
3C9C
3C9B
3C9A
3C99
3C98
3C97
3C96
3C95
3C94
3C93
3C92
3C91
3C90
3C8F
3C8E
3C8D
3C8C
3C8B
3C8A
3C89
3C88
3C87
3C86
3C85
3C84
3C83
3C82
3C81
3C80
