0000
0000
0000
0000
0000
0000
0000
0000
0000
0000
0000
0000
0000
0000
0000
0000
0000
0000
0000
0000
0000
0000
0000
0000
0000
0000
0000
0000
0000
0000
0000
0000
0000
0000
0000
0000
0000
0000
0000
0000
0000
0000
0000
0000
0000
0000
0000
0000
0000
0000
0000
0000
0000
0000
0000
0000
0000
0000
0000
0000
0000
0000
0000
0000
0000
0000
0000
0000
0000
0000
0000
0000
0000
0000
0000
0000
0000
0000
0000
0000
0000
0000
0000
0000
0000
0000
0000
0000
0000
0000
0000
0000
0000
0000
0000
0000
0000
0000
0000
0000
0000
0000
0000
0000
0000
0000
0000
0000
0000
0000
0000
0000
0000
0000
0000
0000
0000
0000
0000
0000
0000
0000
0000
0000
0000
0000
0000
0000
0000
0000
0000
0000
0000
0000
0000
0000
0000
0000
0000
0000
0000
0000
0000
0000
0000
0000
0000
0000
0000
0000
0000
0000
0000
0000
0000
0000
0000
0000
0000
0000
0000
0000
0000
0000
0000
0000
0000
0000
0000
0000
0000
0000
0000
0000
0000
0000
0000
0000
0000
0000
0000
0000
0000
0000
0000
0000
0000
0000
0000
0000
0000
0040
1E3F
1E3E
1E3D
1E3C
1E3B
1E3A
1E39
1E38
1E37
1E36
1E35
1E34
1E33
1E32
1E31
1E30
1E2F
1E2E
1E2D
1E2C
1E2B
1E2A
1E29
1E28
1E27
1E26
1E25
1E24
1E23
1E22
1E21
1E20
1E1F
1E1E
1E1D
1E1C
1E1B
1E1A
1E19
1E18
1E17
1E16
1E15
1E14
1E13
1E12
1E11
1E10
1E0F
1E0E
1E0D
1E0C
1E0B
1E0A
1E09
1E08
1E07
1E06
1E05
1E04
1E03
1E02
1E01
1E00
