0000
0000
0000
0000
0000
0000
0000
0000
0000
0000
0000
0000
0000
0000
0000
0000
0000
0000
0000
0000
0000
0000
0000
0000
0000
0000
0000
0000
0000
0000
0000
0000
0000
0000
0000
0000
0000
0000
0000
0000
0000
0000
0000
0000
0000
0000
0000
0000
0000
0000
0000
0000
0000
0000
0000
0000
0000
0000
0000
0000
0000
0000
0000
0000
0000
0000
0000
0000
0000
0000
0000
0000
0000
0000
0000
0000
0000
0000
0000
0000
0000
0000
0000
0000
0000
0000
0000
0000
0000
0000
0000
0000
0000
0000
0000
0000
0000
0000
0000
0000
0000
0000
0000
0000
0000
0000
0000
0000
0000
0000
0000
0000
0000
0000
0000
0000
0000
0000
0000
0000
0000
0000
0000
0000
0000
0000
0000
0000
0000
0000
0000
0000
0000
0000
0000
0000
0000
0000
0000
0000
0000
0000
0000
0000
0000
0000
0000
0000
0000
0000
0000
0000
0000
0000
0000
0000
0000
0000
0000
0000
0000
0000
0000
0000
0000
0000
0000
0000
0000
0000
0000
0000
0000
0000
0000
0000
0000
0000
0000
0000
0000
0000
0000
0000
0000
0000
0000
0000
0000
0000
0000
0040
16FF
16FE
16FD
16FC
16FB
16FA
16F9
16F8
16F7
16F6
16F5
16F4
16F3
16F2
16F1
16F0
16EF
16EE
16ED
16EC
16EB
16EA
16E9
16E8
16E7
16E6
16E5
16E4
16E3
16E2
16E1
16E0
16DF
16DE
16DD
16DC
16DB
16DA
16D9
16D8
16D7
16D6
16D5
16D4
16D3
16D2
16D1
16D0
16CF
16CE
16CD
16CC
16CB
16CA
16C9
16C8
16C7
16C6
16C5
16C4
16C3
16C2
16C1
16C0
