0000
0000
0000
0000
0000
0000
0000
0000
0000
0000
0000
0000
0000
0000
0000
0000
0000
0000
0000
0000
0000
0000
0000
0000
0000
0000
0000
0000
0000
0000
0000
0000
0000
0000
0000
0000
0000
0000
0000
0000
0000
0000
0000
0000
0000
0000
0000
0000
0000
0000
0000
0000
0000
0000
0000
0000
0000
0000
0000
0000
0000
0000
0000
0000
0000
0000
0000
0000
0000
0000
0000
0000
0000
0000
0000
0000
0000
0000
0000
0000
0000
0000
0000
0000
0000
0000
0000
0000
0000
0000
0000
0000
0000
0000
0000
0000
0000
0000
0000
0000
0000
0000
0000
0000
0000
0000
0000
0000
0000
0000
0000
0000
0000
0000
0000
0000
0000
0000
0000
0000
0000
0000
0000
0000
0000
0000
0000
0000
0000
0000
0000
0000
0000
0000
0000
0000
0000
0000
0000
0000
0000
0000
0000
0000
0000
0000
0000
0000
0000
0000
0000
0000
0000
0000
0000
0000
0000
0000
0000
0000
0000
0000
0000
0000
0000
0000
0000
0000
0000
0000
0000
0000
0000
0000
0000
0000
0000
0000
0000
0000
0000
0000
0000
0000
0000
0000
0000
0000
0000
0000
0000
0040
1B7F
1B7E
1B7D
1B7C
1B7B
1B7A
1B79
1B78
1B77
1B76
1B75
1B74
1B73
1B72
1B71
1B70
1B6F
1B6E
1B6D
1B6C
1B6B
1B6A
1B69
1B68
1B67
1B66
1B65
1B64
1B63
1B62
1B61
1B60
1B5F
1B5E
1B5D
1B5C
1B5B
1B5A
1B59
1B58
1B57
1B56
1B55
1B54
1B53
1B52
1B51
1B50
1B4F
1B4E
1B4D
1B4C
1B4B
1B4A
1B49
1B48
1B47
1B46
1B45
1B44
1B43
1B42
1B41
1B40
