0000
0000
0000
0000
0000
0000
0000
0000
0000
0000
0000
0000
0000
0000
0000
0000
0000
0000
0000
0000
0000
0000
0000
0000
0000
0000
0000
0000
0000
0000
0000
0000
0000
0000
0000
0000
0000
0000
0000
0000
0000
0000
0000
0000
0000
0000
0000
0000
0000
0000
0000
0000
0000
0000
0000
0000
0000
0000
0000
0000
0000
0000
0000
0000
0000
0000
0000
0000
0000
0000
0000
0000
0000
0000
0000
0000
0000
0000
0000
0000
0000
0000
0000
0000
0000
0000
0000
0000
0000
0000
0000
0000
0000
0000
0000
0000
0000
0000
0000
0000
0000
0000
0000
0000
0000
0000
0000
0000
0000
0000
0000
0000
0000
0000
0000
0000
0000
0000
0000
0000
0000
0000
0000
0000
0000
0000
0000
0000
0000
0000
0000
0000
0000
0000
0000
0000
0000
0000
0000
0000
0000
0000
0000
0000
0000
0000
0000
0000
0000
0000
0000
0000
0000
0000
0000
0000
0000
0000
0000
0000
0000
0000
0000
0000
0000
0000
0000
0000
0000
0000
0000
0000
0000
0000
0000
0000
0000
0000
0000
0000
0000
0000
0000
0000
0000
0000
0000
0000
0000
0000
0000
0040
0ABF
0ABE
0ABD
0ABC
0ABB
0ABA
0AB9
0AB8
0AB7
0AB6
0AB5
0AB4
0AB3
0AB2
0AB1
0AB0
0AAF
0AAE
0AAD
0AAC
0AAB
0AAA
0AA9
0AA8
0AA7
0AA6
0AA5
0AA4
0AA3
0AA2
0AA1
0AA0
0A9F
0A9E
0A9D
0A9C
0A9B
0A9A
0A99
0A98
0A97
0A96
0A95
0A94
0A93
0A92
0A91
0A90
0A8F
0A8E
0A8D
0A8C
0A8B
0A8A
0A89
0A88
0A87
0A86
0A85
0A84
0A83
0A82
0A81
0A80
