0000
0000
0000
0000
0000
0000
0000
0000
0000
0000
0000
0000
0000
0000
0000
0000
0000
0000
0000
0000
0000
0000
0000
0000
0000
0000
0000
0000
0000
0000
0000
0000
0000
0000
0000
0000
0000
0000
0000
0000
0000
0000
0000
0000
0000
0000
0000
0000
0000
0000
0000
0000
0000
0000
0000
0000
0000
0000
0000
0000
0000
0000
0000
0000
0000
0000
0000
0000
0000
0000
0000
0000
0000
0000
0000
0000
0000
0000
0000
0000
0000
0000
0000
0000
0000
0000
0000
0000
0000
0000
0000
0000
0000
0000
0000
0000
0000
0000
0000
0000
0000
0000
0000
0000
0000
0000
0000
0000
0000
0000
0000
0000
0000
0000
0000
0000
0000
0000
0000
0000
0000
0000
0000
0000
0000
0000
0000
0000
0000
0000
0000
0000
0000
0000
0000
0000
0000
0000
0000
0000
0000
0000
0000
0000
0000
0000
0000
0000
0000
0000
0000
0000
0000
0000
0000
0000
0000
0000
0000
0000
0000
0000
0000
0000
0000
0000
0000
0000
0000
0000
0000
0000
0000
0000
0000
0000
0000
0000
0000
0000
0000
0000
0000
0000
0000
0000
0000
0000
0000
0000
0000
0040
41FF
41FE
41FD
41FC
41FB
41FA
41F9
41F8
41F7
41F6
41F5
41F4
41F3
41F2
41F1
41F0
41EF
41EE
41ED
41EC
41EB
41EA
41E9
41E8
41E7
41E6
41E5
41E4
41E3
41E2
41E1
41E0
41DF
41DE
41DD
41DC
41DB
41DA
41D9
41D8
41D7
41D6
41D5
41D4
41D3
41D2
41D1
41D0
41CF
41CE
41CD
41CC
41CB
41CA
41C9
41C8
41C7
41C6
41C5
41C4
41C3
41C2
41C1
41C0
