0000
0000
0000
0000
0000
0000
0000
0000
0000
0000
0000
0000
0000
0000
0000
0000
0000
0000
0000
0000
0000
0000
0000
0000
0000
0000
0000
0000
0000
0000
0000
0000
0000
0000
0000
0000
0000
0000
0000
0000
0000
0000
0000
0000
0000
0000
0000
0000
0000
0000
0000
0000
0000
0000
0000
0000
0000
0000
0000
0000
0000
0000
0000
0000
0000
0000
0000
0000
0000
0000
0000
0000
0000
0000
0000
0000
0000
0000
0000
0000
0000
0000
0000
0000
0000
0000
0000
0000
0000
0000
0000
0000
0000
0000
0000
0000
0000
0000
0000
0000
0000
0000
0000
0000
0000
0000
0000
0000
0000
0000
0000
0000
0000
0000
0000
0000
0000
0000
0000
0000
0000
0000
0000
0000
0000
0000
0000
0000
0000
0000
0000
0000
0000
0000
0000
0000
0000
0000
0000
0000
0000
0000
0000
0000
0000
0000
0000
0000
0000
0000
0000
0000
0000
0000
0000
0000
0000
0000
0000
0000
0000
0000
0000
0000
0000
0000
0000
0000
0000
0000
0000
0000
0000
0000
0000
0000
0000
0000
0000
0000
0000
0000
0000
0000
0000
0000
0000
0000
0000
0000
0000
0040
4AFF
4AFE
4AFD
4AFC
4AFB
4AFA
4AF9
4AF8
4AF7
4AF6
4AF5
4AF4
4AF3
4AF2
4AF1
4AF0
4AEF
4AEE
4AED
4AEC
4AEB
4AEA
4AE9
4AE8
4AE7
4AE6
4AE5
4AE4
4AE3
4AE2
4AE1
4AE0
4ADF
4ADE
4ADD
4ADC
4ADB
4ADA
4AD9
4AD8
4AD7
4AD6
4AD5
4AD4
4AD3
4AD2
4AD1
4AD0
4ACF
4ACE
4ACD
4ACC
4ACB
4ACA
4AC9
4AC8
4AC7
4AC6
4AC5
4AC4
4AC3
4AC2
4AC1
4AC0
