0000
0000
0000
0000
0000
0000
0000
0000
0000
0000
0000
0000
0000
0000
0000
0000
0000
0000
0000
0000
0000
0000
0000
0000
0000
0000
0000
0000
0000
0000
0000
0000
0000
0000
0000
0000
0000
0000
0000
0000
0000
0000
0000
0000
0000
0000
0000
0000
0000
0000
0000
0000
0000
0000
0000
0000
0000
0000
0000
0000
0000
0000
0000
0000
0000
0000
0000
0000
0000
0000
0000
0000
0000
0000
0000
0000
0000
0000
0000
0000
0000
0000
0000
0000
0000
0000
0000
0000
0000
0000
0000
0000
0000
0000
0000
0000
0000
0000
0000
0000
0000
0000
0000
0000
0000
0000
0000
0000
0000
0000
0000
0000
0000
0000
0000
0000
0000
0000
0000
0000
0000
0000
0000
0000
0000
0000
0000
0000
0000
0000
0000
0000
0000
0000
0000
0000
0000
0000
0000
0000
0000
0000
0000
0000
0000
0000
0000
0000
0000
0000
0000
0000
0000
0000
0000
0000
0000
0000
0000
0000
0000
0000
0000
0000
0000
0000
0000
0000
0000
0000
0000
0000
0000
0000
0000
0000
0000
0000
0000
0000
0000
0000
0000
0000
0000
0000
0000
0000
0000
0000
0000
0040
4ABF
4ABE
4ABD
4ABC
4ABB
4ABA
4AB9
4AB8
4AB7
4AB6
4AB5
4AB4
4AB3
4AB2
4AB1
4AB0
4AAF
4AAE
4AAD
4AAC
4AAB
4AAA
4AA9
4AA8
4AA7
4AA6
4AA5
4AA4
4AA3
4AA2
4AA1
4AA0
4A9F
4A9E
4A9D
4A9C
4A9B
4A9A
4A99
4A98
4A97
4A96
4A95
4A94
4A93
4A92
4A91
4A90
4A8F
4A8E
4A8D
4A8C
4A8B
4A8A
4A89
4A88
4A87
4A86
4A85
4A84
4A83
4A82
4A81
4A80
