0000
0000
0000
0000
0000
0000
0000
0000
0000
0000
0000
0000
0000
0000
0000
0000
0000
0000
0000
0000
0000
0000
0000
0000
0000
0000
0000
0000
0000
0000
0000
0000
0000
0000
0000
0000
0000
0000
0000
0000
0000
0000
0000
0000
0000
0000
0000
0000
0000
0000
0000
0000
0000
0000
0000
0000
0000
0000
0000
0000
0000
0000
0000
0000
0000
0000
0000
0000
0000
0000
0000
0000
0000
0000
0000
0000
0000
0000
0000
0000
0000
0000
0000
0000
0000
0000
0000
0000
0000
0000
0000
0000
0000
0000
0000
0000
0000
0000
0000
0000
0000
0000
0000
0000
0000
0000
0000
0000
0000
0000
0000
0000
0000
0000
0000
0000
0000
0000
0000
0000
0000
0000
0000
0000
0000
0000
0000
0000
0000
0000
0000
0000
0000
0000
0000
0000
0000
0000
0000
0000
0000
0000
0000
0000
0000
0000
0000
0000
0000
0000
0000
0000
0000
0000
0000
0000
0000
0000
0000
0000
0000
0000
0000
0000
0000
0000
0000
0000
0000
0000
0000
0000
0000
0000
0000
0000
0000
0000
0000
0000
0000
0000
0000
0000
0000
0000
0000
0000
0000
0000
0000
0040
2B3F
2B3E
2B3D
2B3C
2B3B
2B3A
2B39
2B38
2B37
2B36
2B35
2B34
2B33
2B32
2B31
2B30
2B2F
2B2E
2B2D
2B2C
2B2B
2B2A
2B29
2B28
2B27
2B26
2B25
2B24
2B23
2B22
2B21
2B20
2B1F
2B1E
2B1D
2B1C
2B1B
2B1A
2B19
2B18
2B17
2B16
2B15
2B14
2B13
2B12
2B11
2B10
2B0F
2B0E
2B0D
2B0C
2B0B
2B0A
2B09
2B08
2B07
2B06
2B05
2B04
2B03
2B02
2B01
2B00
