0000
0000
0000
0000
0000
0000
0000
0000
0000
0000
0000
0000
0000
0000
0000
0000
0000
0000
0000
0000
0000
0000
0000
0000
0000
0000
0000
0000
0000
0000
0000
0000
0000
0000
0000
0000
0000
0000
0000
0000
0000
0000
0000
0000
0000
0000
0000
0000
0000
0000
0000
0000
0000
0000
0000
0000
0000
0000
0000
0000
0000
0000
0000
0000
0000
0000
0000
0000
0000
0000
0000
0000
0000
0000
0000
0000
0000
0000
0000
0000
0000
0000
0000
0000
0000
0000
0000
0000
0000
0000
0000
0000
0000
0000
0000
0000
0000
0000
0000
0000
0000
0000
0000
0000
0000
0000
0000
0000
0000
0000
0000
0000
0000
0000
0000
0000
0000
0000
0000
0000
0000
0000
0000
0000
0000
0000
0000
0000
0000
0000
0000
0000
0000
0000
0000
0000
0000
0000
0000
0000
0000
0000
0000
0000
0000
0000
0000
0000
0000
0000
0000
0000
0000
0000
0000
0000
0000
0000
0000
0000
0000
0000
0000
0000
0000
0000
0000
0000
0000
0000
0000
0000
0000
0000
0000
0000
0000
0000
0000
0000
0000
0000
0000
0000
0000
0000
0000
0000
0000
0000
0000
0040
3E7F
3E7E
3E7D
3E7C
3E7B
3E7A
3E79
3E78
3E77
3E76
3E75
3E74
3E73
3E72
3E71
3E70
3E6F
3E6E
3E6D
3E6C
3E6B
3E6A
3E69
3E68
3E67
3E66
3E65
3E64
3E63
3E62
3E61
3E60
3E5F
3E5E
3E5D
3E5C
3E5B
3E5A
3E59
3E58
3E57
3E56
3E55
3E54
3E53
3E52
3E51
3E50
3E4F
3E4E
3E4D
3E4C
3E4B
3E4A
3E49
3E48
3E47
3E46
3E45
3E44
3E43
3E42
3E41
3E40
