0000
0000
0000
0000
0000
0000
0000
0000
0000
0000
0000
0000
0000
0000
0000
0000
0000
0000
0000
0000
0000
0000
0000
0000
0000
0000
0000
0000
0000
0000
0000
0000
0000
0000
0000
0000
0000
0000
0000
0000
0000
0000
0000
0000
0000
0000
0000
0000
0000
0000
0000
0000
0000
0000
0000
0000
0000
0000
0000
0000
0000
0000
0000
0000
0000
0000
0000
0000
0000
0000
0000
0000
0000
0000
0000
0000
0000
0000
0000
0000
0000
0000
0000
0000
0000
0000
0000
0000
0000
0000
0000
0000
0000
0000
0000
0000
0000
0000
0000
0000
0000
0000
0000
0000
0000
0000
0000
0000
0000
0000
0000
0000
0000
0000
0000
0000
0000
0000
0000
0000
0000
0000
0000
0000
0000
0000
0000
0000
0000
0000
0000
0000
0000
0000
0000
0000
0000
0000
0000
0000
0000
0000
0000
0000
0000
0000
0000
0000
0000
0000
0000
0000
0000
0000
0000
0000
0000
0000
0000
0000
0000
0000
0000
0000
0000
0000
0000
0000
0000
0000
0000
0000
0000
0000
0000
0000
0000
0000
0000
0000
0000
0000
0000
0000
0000
0000
0000
0000
0000
0000
0000
0040
0D3F
0D3E
0D3D
0D3C
0D3B
0D3A
0D39
0D38
0D37
0D36
0D35
0D34
0D33
0D32
0D31
0D30
0D2F
0D2E
0D2D
0D2C
0D2B
0D2A
0D29
0D28
0D27
0D26
0D25
0D24
0D23
0D22
0D21
0D20
0D1F
0D1E
0D1D
0D1C
0D1B
0D1A
0D19
0D18
0D17
0D16
0D15
0D14
0D13
0D12
0D11
0D10
0D0F
0D0E
0D0D
0D0C
0D0B
0D0A
0D09
0D08
0D07
0D06
0D05
0D04
0D03
0D02
0D01
0D00
