0000
0000
0000
0000
0000
0000
0000
0000
0000
0000
0000
0000
0000
0000
0000
0000
0000
0000
0000
0000
0000
0000
0000
0000
0000
0000
0000
0000
0000
0000
0000
0000
0000
0000
0000
0000
0000
0000
0000
0000
0000
0000
0000
0000
0000
0000
0000
0000
0000
0000
0000
0000
0000
0000
0000
0000
0000
0000
0000
0000
0000
0000
0000
0000
0000
0000
0000
0000
0000
0000
0000
0000
0000
0000
0000
0000
0000
0000
0000
0000
0000
0000
0000
0000
0000
0000
0000
0000
0000
0000
0000
0000
0000
0000
0000
0000
0000
0000
0000
0000
0000
0000
0000
0000
0000
0000
0000
0000
0000
0000
0000
0000
0000
0000
0000
0000
0000
0000
0000
0000
0000
0000
0000
0000
0000
0000
0000
0000
0000
0000
0000
0000
0000
0000
0000
0000
0000
0000
0000
0000
0000
0000
0000
0000
0000
0000
0000
0000
0000
0000
0000
0000
0000
0000
0000
0000
0000
0000
0000
0000
0000
0000
0000
0000
0000
0000
0000
0000
0000
0000
0000
0000
0000
0000
0000
0000
0000
0000
0000
0000
0000
0000
0000
0000
0000
0000
0000
0000
0000
0000
0000
0040
2B7F
2B7E
2B7D
2B7C
2B7B
2B7A
2B79
2B78
2B77
2B76
2B75
2B74
2B73
2B72
2B71
2B70
2B6F
2B6E
2B6D
2B6C
2B6B
2B6A
2B69
2B68
2B67
2B66
2B65
2B64
2B63
2B62
2B61
2B60
2B5F
2B5E
2B5D
2B5C
2B5B
2B5A
2B59
2B58
2B57
2B56
2B55
2B54
2B53
2B52
2B51
2B50
2B4F
2B4E
2B4D
2B4C
2B4B
2B4A
2B49
2B48
2B47
2B46
2B45
2B44
2B43
2B42
2B41
2B40
