0000
0000
0000
0000
0000
0000
0000
0000
0000
0000
0000
0000
0000
0000
0000
0000
0000
0000
0000
0000
0000
0000
0000
0000
0000
0000
0000
0000
0000
0000
0000
0000
0000
0000
0000
0000
0000
0000
0000
0000
0000
0000
0000
0000
0000
0000
0000
0000
0000
0000
0000
0000
0000
0000
0000
0000
0000
0000
0000
0000
0000
0000
0000
0000
0000
0000
0000
0000
0000
0000
0000
0000
0000
0000
0000
0000
0000
0000
0000
0000
0000
0000
0000
0000
0000
0000
0000
0000
0000
0000
0000
0000
0000
0000
0000
0000
0000
0000
0000
0000
0000
0000
0000
0000
0000
0000
0000
0000
0000
0000
0000
0000
0000
0000
0000
0000
0000
0000
0000
0000
0000
0000
0000
0000
0000
0000
0000
0000
0000
0000
0000
0000
0000
0000
0000
0000
0000
0000
0000
0000
0000
0000
0000
0000
0000
0000
0000
0000
0000
0000
0000
0000
0000
0000
0000
0000
0000
0000
0000
0000
0000
0000
0000
0000
0000
0000
0000
0000
0000
0000
0000
0000
0000
0000
0000
0000
0000
0000
0000
0000
0000
0000
0000
0000
0000
0000
0000
0000
0000
0000
0000
0040
01FF
01FE
01FD
01FC
01FB
01FA
01F9
01F8
01F7
01F6
01F5
01F4
01F3
01F2
01F1
01F0
01EF
01EE
01ED
01EC
01EB
01EA
01E9
01E8
01E7
01E6
01E5
01E4
01E3
01E2
01E1
01E0
01DF
01DE
01DD
01DC
01DB
01DA
01D9
01D8
01D7
01D6
01D5
01D4
01D3
01D2
01D1
01D0
01CF
01CE
01CD
01CC
01CB
01CA
01C9
01C8
01C7
01C6
01C5
01C4
01C3
01C2
01C1
01C0
