0000
0000
0000
0000
0000
0000
0000
0000
0000
0000
0000
0000
0000
0000
0000
0000
0000
0000
0000
0000
0000
0000
0000
0000
0000
0000
0000
0000
0000
0000
0000
0000
0000
0000
0000
0000
0000
0000
0000
0000
0000
0000
0000
0000
0000
0000
0000
0000
0000
0000
0000
0000
0000
0000
0000
0000
0000
0000
0000
0000
0000
0000
0000
0000
0000
0000
0000
0000
0000
0000
0000
0000
0000
0000
0000
0000
0000
0000
0000
0000
0000
0000
0000
0000
0000
0000
0000
0000
0000
0000
0000
0000
0000
0000
0000
0000
0000
0000
0000
0000
0000
0000
0000
0000
0000
0000
0000
0000
0000
0000
0000
0000
0000
0000
0000
0000
0000
0000
0000
0000
0000
0000
0000
0000
0000
0000
0000
0000
0000
0000
0000
0000
0000
0000
0000
0000
0000
0000
0000
0000
0000
0000
0000
0000
0000
0000
0000
0000
0000
0000
0000
0000
0000
0000
0000
0000
0000
0000
0000
0000
0000
0000
0000
0000
0000
0000
0000
0000
0000
0000
0000
0000
0000
0000
0000
0000
0000
0000
0000
0000
0000
0000
0000
0000
0000
0000
0000
0000
0000
0000
0000
0040
0BBF
0BBE
0BBD
0BBC
0BBB
0BBA
0BB9
0BB8
0BB7
0BB6
0BB5
0BB4
0BB3
0BB2
0BB1
0BB0
0BAF
0BAE
0BAD
0BAC
0BAB
0BAA
0BA9
0BA8
0BA7
0BA6
0BA5
0BA4
0BA3
0BA2
0BA1
0BA0
0B9F
0B9E
0B9D
0B9C
0B9B
0B9A
0B99
0B98
0B97
0B96
0B95
0B94
0B93
0B92
0B91
0B90
0B8F
0B8E
0B8D
0B8C
0B8B
0B8A
0B89
0B88
0B87
0B86
0B85
0B84
0B83
0B82
0B81
0B80
