0000
0000
0000
0000
0000
0000
0000
0000
0000
0000
0000
0000
0000
0000
0000
0000
0000
0000
0000
0000
0000
0000
0000
0000
0000
0000
0000
0000
0000
0000
0000
0000
0000
0000
0000
0000
0000
0000
0000
0000
0000
0000
0000
0000
0000
0000
0000
0000
0000
0000
0000
0000
0000
0000
0000
0000
0000
0000
0000
0000
0000
0000
0000
0000
0000
0000
0000
0000
0000
0000
0000
0000
0000
0000
0000
0000
0000
0000
0000
0000
0000
0000
0000
0000
0000
0000
0000
0000
0000
0000
0000
0000
0000
0000
0000
0000
0000
0000
0000
0000
0000
0000
0000
0000
0000
0000
0000
0000
0000
0000
0000
0000
0000
0000
0000
0000
0000
0000
0000
0000
0000
0000
0000
0000
0000
0000
0000
0000
0000
0000
0000
0000
0000
0000
0000
0000
0000
0000
0000
0000
0000
0000
0000
0000
0000
0000
0000
0000
0000
0000
0000
0000
0000
0000
0000
0000
0000
0000
0000
0000
0000
0000
0000
0000
0000
0000
0000
0000
0000
0000
0000
0000
0000
0000
0000
0000
0000
0000
0000
0000
0000
0000
0000
0000
0000
0000
0000
0000
0000
0000
0000
0040
1EFF
1EFE
1EFD
1EFC
1EFB
1EFA
1EF9
1EF8
1EF7
1EF6
1EF5
1EF4
1EF3
1EF2
1EF1
1EF0
1EEF
1EEE
1EED
1EEC
1EEB
1EEA
1EE9
1EE8
1EE7
1EE6
1EE5
1EE4
1EE3
1EE2
1EE1
1EE0
1EDF
1EDE
1EDD
1EDC
1EDB
1EDA
1ED9
1ED8
1ED7
1ED6
1ED5
1ED4
1ED3
1ED2
1ED1
1ED0
1ECF
1ECE
1ECD
1ECC
1ECB
1ECA
1EC9
1EC8
1EC7
1EC6
1EC5
1EC4
1EC3
1EC2
1EC1
1EC0
