0000
0000
0000
0000
0000
0000
0000
0000
0000
0000
0000
0000
0000
0000
0000
0000
0000
0000
0000
0000
0000
0000
0000
0000
0000
0000
0000
0000
0000
0000
0000
0000
0000
0000
0000
0000
0000
0000
0000
0000
0000
0000
0000
0000
0000
0000
0000
0000
0000
0000
0000
0000
0000
0000
0000
0000
0000
0000
0000
0000
0000
0000
0000
0000
0000
0000
0000
0000
0000
0000
0000
0000
0000
0000
0000
0000
0000
0000
0000
0000
0000
0000
0000
0000
0000
0000
0000
0000
0000
0000
0000
0000
0000
0000
0000
0000
0000
0000
0000
0000
0000
0000
0000
0000
0000
0000
0000
0000
0000
0000
0000
0000
0000
0000
0000
0000
0000
0000
0000
0000
0000
0000
0000
0000
0000
0000
0000
0000
0000
0000
0000
0000
0000
0000
0000
0000
0000
0000
0000
0000
0000
0000
0000
0000
0000
0000
0000
0000
0000
0000
0000
0000
0000
0000
0000
0000
0000
0000
0000
0000
0000
0000
0000
0000
0000
0000
0000
0000
0000
0000
0000
0000
0000
0000
0000
0000
0000
0000
0000
0000
0000
0000
0000
0000
0000
0000
0000
0000
0000
0000
0000
0040
44FF
44FE
44FD
44FC
44FB
44FA
44F9
44F8
44F7
44F6
44F5
44F4
44F3
44F2
44F1
44F0
44EF
44EE
44ED
44EC
44EB
44EA
44E9
44E8
44E7
44E6
44E5
44E4
44E3
44E2
44E1
44E0
44DF
44DE
44DD
44DC
44DB
44DA
44D9
44D8
44D7
44D6
44D5
44D4
44D3
44D2
44D1
44D0
44CF
44CE
44CD
44CC
44CB
44CA
44C9
44C8
44C7
44C6
44C5
44C4
44C3
44C2
44C1
44C0
