0000
0000
0000
0000
0000
0000
0000
0000
0000
0000
0000
0000
0000
0000
0000
0000
0000
0000
0000
0000
0000
0000
0000
0000
0000
0000
0000
0000
0000
0000
0000
0000
0000
0000
0000
0000
0000
0000
0000
0000
0000
0000
0000
0000
0000
0000
0000
0000
0000
0000
0000
0000
0000
0000
0000
0000
0000
0000
0000
0000
0000
0000
0000
0000
0000
0000
0000
0000
0000
0000
0000
0000
0000
0000
0000
0000
0000
0000
0000
0000
0000
0000
0000
0000
0000
0000
0000
0000
0000
0000
0000
0000
0000
0000
0000
0000
0000
0000
0000
0000
0000
0000
0000
0000
0000
0000
0000
0000
0000
0000
0000
0000
0000
0000
0000
0000
0000
0000
0000
0000
0000
0000
0000
0000
0000
0000
0000
0000
0000
0000
0000
0000
0000
0000
0000
0000
0000
0000
0000
0000
0000
0000
0000
0000
0000
0000
0000
0000
0000
0000
0000
0000
0000
0000
0000
0000
0000
0000
0000
0000
0000
0000
0000
0000
0000
0000
0000
0000
0000
0000
0000
0000
0000
0000
0000
0000
0000
0000
0000
0000
0000
0000
0000
0000
0000
0000
0000
0000
0000
0000
0000
0040
4DBF
4DBE
4DBD
4DBC
4DBB
4DBA
4DB9
4DB8
4DB7
4DB6
4DB5
4DB4
4DB3
4DB2
4DB1
4DB0
4DAF
4DAE
4DAD
4DAC
4DAB
4DAA
4DA9
4DA8
4DA7
4DA6
4DA5
4DA4
4DA3
4DA2
4DA1
4DA0
4D9F
4D9E
4D9D
4D9C
4D9B
4D9A
4D99
4D98
4D97
4D96
4D95
4D94
4D93
4D92
4D91
4D90
4D8F
4D8E
4D8D
4D8C
4D8B
4D8A
4D89
4D88
4D87
4D86
4D85
4D84
4D83
4D82
4D81
4D80
