0000
0000
0000
0000
0000
0000
0000
0000
0000
0000
0000
0000
0000
0000
0000
0000
0000
0000
0000
0000
0000
0000
0000
0000
0000
0000
0000
0000
0000
0000
0000
0000
0000
0000
0000
0000
0000
0000
0000
0000
0000
0000
0000
0000
0000
0000
0000
0000
0000
0000
0000
0000
0000
0000
0000
0000
0000
0000
0000
0000
0000
0000
0000
0000
0000
0000
0000
0000
0000
0000
0000
0000
0000
0000
0000
0000
0000
0000
0000
0000
0000
0000
0000
0000
0000
0000
0000
0000
0000
0000
0000
0000
0000
0000
0000
0000
0000
0000
0000
0000
0000
0000
0000
0000
0000
0000
0000
0000
0000
0000
0000
0000
0000
0000
0000
0000
0000
0000
0000
0000
0000
0000
0000
0000
0000
0000
0000
0000
0000
0000
0000
0000
0000
0000
0000
0000
0000
0000
0000
0000
0000
0000
0000
0000
0000
0000
0000
0000
0000
0000
0000
0000
0000
0000
0000
0000
0000
0000
0000
0000
0000
0000
0000
0000
0000
0000
0000
0000
0000
0000
0000
0000
0000
0000
0000
0000
0000
0000
0000
0000
0000
0000
0000
0000
0000
0000
0000
0000
0000
0000
0000
0040
08FF
08FE
08FD
08FC
08FB
08FA
08F9
08F8
08F7
08F6
08F5
08F4
08F3
08F2
08F1
08F0
08EF
08EE
08ED
08EC
08EB
08EA
08E9
08E8
08E7
08E6
08E5
08E4
08E3
08E2
08E1
08E0
08DF
08DE
08DD
08DC
08DB
08DA
08D9
08D8
08D7
08D6
08D5
08D4
08D3
08D2
08D1
08D0
08CF
08CE
08CD
08CC
08CB
08CA
08C9
08C8
08C7
08C6
08C5
08C4
08C3
08C2
08C1
08C0
