0000
0000
0000
0000
0000
0000
0000
0000
0000
0000
0000
0000
0000
0000
0000
0000
0000
0000
0000
0000
0000
0000
0000
0000
0000
0000
0000
0000
0000
0000
0000
0000
0000
0000
0000
0000
0000
0000
0000
0000
0000
0000
0000
0000
0000
0000
0000
0000
0000
0000
0000
0000
0000
0000
0000
0000
0000
0000
0000
0000
0000
0000
0000
0000
0000
0000
0000
0000
0000
0000
0000
0000
0000
0000
0000
0000
0000
0000
0000
0000
0000
0000
0000
0000
0000
0000
0000
0000
0000
0000
0000
0000
0000
0000
0000
0000
0000
0000
0000
0000
0000
0000
0000
0000
0000
0000
0000
0000
0000
0000
0000
0000
0000
0000
0000
0000
0000
0000
0000
0000
0000
0000
0000
0000
0000
0000
0000
0000
0000
0000
0000
0000
0000
0000
0000
0000
0000
0000
0000
0000
0000
0000
0000
0000
0000
0000
0000
0000
0000
0000
0000
0000
0000
0000
0000
0000
0000
0000
0000
0000
0000
0000
0000
0000
0000
0000
0000
0000
0000
0000
0000
0000
0000
0000
0000
0000
0000
0000
0000
0000
0000
0000
0000
0000
0000
0000
0000
0000
0000
0000
0000
0040
14FF
14FE
14FD
14FC
14FB
14FA
14F9
14F8
14F7
14F6
14F5
14F4
14F3
14F2
14F1
14F0
14EF
14EE
14ED
14EC
14EB
14EA
14E9
14E8
14E7
14E6
14E5
14E4
14E3
14E2
14E1
14E0
14DF
14DE
14DD
14DC
14DB
14DA
14D9
14D8
14D7
14D6
14D5
14D4
14D3
14D2
14D1
14D0
14CF
14CE
14CD
14CC
14CB
14CA
14C9
14C8
14C7
14C6
14C5
14C4
14C3
14C2
14C1
14C0
