0000
0000
0000
0000
0000
0000
0000
0000
0000
0000
0000
0000
0000
0000
0000
0000
0000
0000
0000
0000
0000
0000
0000
0000
0000
0000
0000
0000
0000
0000
0000
0000
0000
0000
0000
0000
0000
0000
0000
0000
0000
0000
0000
0000
0000
0000
0000
0000
0000
0000
0000
0000
0000
0000
0000
0000
0000
0000
0000
0000
0000
0000
0000
0000
0000
0000
0000
0000
0000
0000
0000
0000
0000
0000
0000
0000
0000
0000
0000
0000
0000
0000
0000
0000
0000
0000
0000
0000
0000
0000
0000
0000
0000
0000
0000
0000
0000
0000
0000
0000
0000
0000
0000
0000
0000
0000
0000
0000
0000
0000
0000
0000
0000
0000
0000
0000
0000
0000
0000
0000
0000
0000
0000
0000
0000
0000
0000
0000
0000
0000
0000
0000
0000
0000
0000
0000
0000
0000
0000
0000
0000
0000
0000
0000
0000
0000
0000
0000
0000
0000
0000
0000
0000
0000
0000
0000
0000
0000
0000
0000
0000
0000
0000
0000
0000
0000
0000
0000
0000
0000
0000
0000
0000
0000
0000
0000
0000
0000
0000
0000
0000
0000
0000
0000
0000
0000
0000
0000
0000
0000
0000
0040
2BFF
2BFE
2BFD
2BFC
2BFB
2BFA
2BF9
2BF8
2BF7
2BF6
2BF5
2BF4
2BF3
2BF2
2BF1
2BF0
2BEF
2BEE
2BED
2BEC
2BEB
2BEA
2BE9
2BE8
2BE7
2BE6
2BE5
2BE4
2BE3
2BE2
2BE1
2BE0
2BDF
2BDE
2BDD
2BDC
2BDB
2BDA
2BD9
2BD8
2BD7
2BD6
2BD5
2BD4
2BD3
2BD2
2BD1
2BD0
2BCF
2BCE
2BCD
2BCC
2BCB
2BCA
2BC9
2BC8
2BC7
2BC6
2BC5
2BC4
2BC3
2BC2
2BC1
2BC0
