0000
0000
0000
0000
0000
0000
0000
0000
0000
0000
0000
0000
0000
0000
0000
0000
0000
0000
0000
0000
0000
0000
0000
0000
0000
0000
0000
0000
0000
0000
0000
0000
0000
0000
0000
0000
0000
0000
0000
0000
0000
0000
0000
0000
0000
0000
0000
0000
0000
0000
0000
0000
0000
0000
0000
0000
0000
0000
0000
0000
0000
0000
0000
0000
0000
0000
0000
0000
0000
0000
0000
0000
0000
0000
0000
0000
0000
0000
0000
0000
0000
0000
0000
0000
0000
0000
0000
0000
0000
0000
0000
0000
0000
0000
0000
0000
0000
0000
0000
0000
0000
0000
0000
0000
0000
0000
0000
0000
0000
0000
0000
0000
0000
0000
0000
0000
0000
0000
0000
0000
0000
0000
0000
0000
0000
0000
0000
0000
0000
0000
0000
0000
0000
0000
0000
0000
0000
0000
0000
0000
0000
0000
0000
0000
0000
0000
0000
0000
0000
0000
0000
0000
0000
0000
0000
0000
0000
0000
0000
0000
0000
0000
0000
0000
0000
0000
0000
0000
0000
0000
0000
0000
0000
0000
0000
0000
0000
0000
0000
0000
0000
0000
0000
0000
0000
0000
0000
0000
0000
0000
0000
0040
42FF
42FE
42FD
42FC
42FB
42FA
42F9
42F8
42F7
42F6
42F5
42F4
42F3
42F2
42F1
42F0
42EF
42EE
42ED
42EC
42EB
42EA
42E9
42E8
42E7
42E6
42E5
42E4
42E3
42E2
42E1
42E0
42DF
42DE
42DD
42DC
42DB
42DA
42D9
42D8
42D7
42D6
42D5
42D4
42D3
42D2
42D1
42D0
42CF
42CE
42CD
42CC
42CB
42CA
42C9
42C8
42C7
42C6
42C5
42C4
42C3
42C2
42C1
42C0
