0000
0000
0000
0000
0000
0000
0000
0000
0000
0000
0000
0000
0000
0000
0000
0000
0000
0000
0000
0000
0000
0000
0000
0000
0000
0000
0000
0000
0000
0000
0000
0000
0000
0000
0000
0000
0000
0000
0000
0000
0000
0000
0000
0000
0000
0000
0000
0000
0000
0000
0000
0000
0000
0000
0000
0000
0000
0000
0000
0000
0000
0000
0000
0000
0000
0000
0000
0000
0000
0000
0000
0000
0000
0000
0000
0000
0000
0000
0000
0000
0000
0000
0000
0000
0000
0000
0000
0000
0000
0000
0000
0000
0000
0000
0000
0000
0000
0000
0000
0000
0000
0000
0000
0000
0000
0000
0000
0000
0000
0000
0000
0000
0000
0000
0000
0000
0000
0000
0000
0000
0000
0000
0000
0000
0000
0000
0000
0000
0000
0000
0000
0000
0000
0000
0000
0000
0000
0000
0000
0000
0000
0000
0000
0000
0000
0000
0000
0000
0000
0000
0000
0000
0000
0000
0000
0000
0000
0000
0000
0000
0000
0000
0000
0000
0000
0000
0000
0000
0000
0000
0000
0000
0000
0000
0000
0000
0000
0000
0000
0000
0000
0000
0000
0000
0000
0000
0000
0000
0000
0000
0000
0040
0AFF
0AFE
0AFD
0AFC
0AFB
0AFA
0AF9
0AF8
0AF7
0AF6
0AF5
0AF4
0AF3
0AF2
0AF1
0AF0
0AEF
0AEE
0AED
0AEC
0AEB
0AEA
0AE9
0AE8
0AE7
0AE6
0AE5
0AE4
0AE3
0AE2
0AE1
0AE0
0ADF
0ADE
0ADD
0ADC
0ADB
0ADA
0AD9
0AD8
0AD7
0AD6
0AD5
0AD4
0AD3
0AD2
0AD1
0AD0
0ACF
0ACE
0ACD
0ACC
0ACB
0ACA
0AC9
0AC8
0AC7
0AC6
0AC5
0AC4
0AC3
0AC2
0AC1
0AC0
