0000
0000
0000
0000
0000
0000
0000
0000
0000
0000
0000
0000
0000
0000
0000
0000
0000
0000
0000
0000
0000
0000
0000
0000
0000
0000
0000
0000
0000
0000
0000
0000
0000
0000
0000
0000
0000
0000
0000
0000
0000
0000
0000
0000
0000
0000
0000
0000
0000
0000
0000
0000
0000
0000
0000
0000
0000
0000
0000
0000
0000
0000
0000
0000
0000
0000
0000
0000
0000
0000
0000
0000
0000
0000
0000
0000
0000
0000
0000
0000
0000
0000
0000
0000
0000
0000
0000
0000
0000
0000
0000
0000
0000
0000
0000
0000
0000
0000
0000
0000
0000
0000
0000
0000
0000
0000
0000
0000
0000
0000
0000
0000
0000
0000
0000
0000
0000
0000
0000
0000
0000
0000
0000
0000
0000
0000
0000
0000
0000
0000
0000
0000
0000
0000
0000
0000
0000
0000
0000
0000
0000
0000
0000
0000
0000
0000
0000
0000
0000
0000
0000
0000
0000
0000
0000
0000
0000
0000
0000
0000
0000
0000
0000
0000
0000
0000
0000
0000
0000
0000
0000
0000
0000
0000
0000
0000
0000
0000
0000
0000
0000
0000
0000
0000
0000
0000
0000
0000
0000
0000
0000
0040
3BFF
3BFE
3BFD
3BFC
3BFB
3BFA
3BF9
3BF8
3BF7
3BF6
3BF5
3BF4
3BF3
3BF2
3BF1
3BF0
3BEF
3BEE
3BED
3BEC
3BEB
3BEA
3BE9
3BE8
3BE7
3BE6
3BE5
3BE4
3BE3
3BE2
3BE1
3BE0
3BDF
3BDE
3BDD
3BDC
3BDB
3BDA
3BD9
3BD8
3BD7
3BD6
3BD5
3BD4
3BD3
3BD2
3BD1
3BD0
3BCF
3BCE
3BCD
3BCC
3BCB
3BCA
3BC9
3BC8
3BC7
3BC6
3BC5
3BC4
3BC3
3BC2
3BC1
3BC0
