0000
0000
0000
0000
0000
0000
0000
0000
0000
0000
0000
0000
0000
0000
0000
0000
0000
0000
0000
0000
0000
0000
0000
0000
0000
0000
0000
0000
0000
0000
0000
0000
0000
0000
0000
0000
0000
0000
0000
0000
0000
0000
0000
0000
0000
0000
0000
0000
0000
0000
0000
0000
0000
0000
0000
0000
0000
0000
0000
0000
0000
0000
0000
0000
0000
0000
0000
0000
0000
0000
0000
0000
0000
0000
0000
0000
0000
0000
0000
0000
0000
0000
0000
0000
0000
0000
0000
0000
0000
0000
0000
0000
0000
0000
0000
0000
0000
0000
0000
0000
0000
0000
0000
0000
0000
0000
0000
0000
0000
0000
0000
0000
0000
0000
0000
0000
0000
0000
0000
0000
0000
0000
0000
0000
0000
0000
0000
0000
0000
0000
0000
0000
0000
0000
0000
0000
0000
0000
0000
0000
0000
0000
0000
0000
0000
0000
0000
0000
0000
0000
0000
0000
0000
0000
0000
0000
0000
0000
0000
0000
0000
0000
0000
0000
0000
0000
0000
0000
0000
0000
0000
0000
0000
0000
0000
0000
0000
0000
0000
0000
0000
0000
0000
0000
0000
0000
0000
0000
0000
0000
0000
0040
40FF
40FE
40FD
40FC
40FB
40FA
40F9
40F8
40F7
40F6
40F5
40F4
40F3
40F2
40F1
40F0
40EF
40EE
40ED
40EC
40EB
40EA
40E9
40E8
40E7
40E6
40E5
40E4
40E3
40E2
40E1
40E0
40DF
40DE
40DD
40DC
40DB
40DA
40D9
40D8
40D7
40D6
40D5
40D4
40D3
40D2
40D1
40D0
40CF
40CE
40CD
40CC
40CB
40CA
40C9
40C8
40C7
40C6
40C5
40C4
40C3
40C2
40C1
40C0
