0000
0000
0000
0000
0000
0000
0000
0000
0000
0000
0000
0000
0000
0000
0000
0000
0000
0000
0000
0000
0000
0000
0000
0000
0000
0000
0000
0000
0000
0000
0000
0000
0000
0000
0000
0000
0000
0000
0000
0000
0000
0000
0000
0000
0000
0000
0000
0000
0000
0000
0000
0000
0000
0000
0000
0000
0000
0000
0000
0000
0000
0000
0000
0000
0000
0000
0000
0000
0000
0000
0000
0000
0000
0000
0000
0000
0000
0000
0000
0000
0000
0000
0000
0000
0000
0000
0000
0000
0000
0000
0000
0000
0000
0000
0000
0000
0000
0000
0000
0000
0000
0000
0000
0000
0000
0000
0000
0000
0000
0000
0000
0000
0000
0000
0000
0000
0000
0000
0000
0000
0000
0000
0000
0000
0000
0000
0000
0000
0000
0000
0000
0000
0000
0000
0000
0000
0000
0000
0000
0000
0000
0000
0000
0000
0000
0000
0000
0000
0000
0000
0000
0000
0000
0000
0000
0000
0000
0000
0000
0000
0000
0000
0000
0000
0000
0000
0000
0000
0000
0000
0000
0000
0000
0000
0000
0000
0000
0000
0000
0000
0000
0000
0000
0000
0000
0000
0000
0000
0000
0000
0000
0040
3D7F
3D7E
3D7D
3D7C
3D7B
3D7A
3D79
3D78
3D77
3D76
3D75
3D74
3D73
3D72
3D71
3D70
3D6F
3D6E
3D6D
3D6C
3D6B
3D6A
3D69
3D68
3D67
3D66
3D65
3D64
3D63
3D62
3D61
3D60
3D5F
3D5E
3D5D
3D5C
3D5B
3D5A
3D59
3D58
3D57
3D56
3D55
3D54
3D53
3D52
3D51
3D50
3D4F
3D4E
3D4D
3D4C
3D4B
3D4A
3D49
3D48
3D47
3D46
3D45
3D44
3D43
3D42
3D41
3D40
