0000
0000
0000
0000
0000
0000
0000
0000
0000
0000
0000
0000
0000
0000
0000
0000
0000
0000
0000
0000
0000
0000
0000
0000
0000
0000
0000
0000
0000
0000
0000
0000
0000
0000
0000
0000
0000
0000
0000
0000
0000
0000
0000
0000
0000
0000
0000
0000
0000
0000
0000
0000
0000
0000
0000
0000
0000
0000
0000
0000
0000
0000
0000
0000
0000
0000
0000
0000
0000
0000
0000
0000
0000
0000
0000
0000
0000
0000
0000
0000
0000
0000
0000
0000
0000
0000
0000
0000
0000
0000
0000
0000
0000
0000
0000
0000
0000
0000
0000
0000
0000
0000
0000
0000
0000
0000
0000
0000
0000
0000
0000
0000
0000
0000
0000
0000
0000
0000
0000
0000
0000
0000
0000
0000
0000
0000
0000
0000
0000
0000
0000
0000
0000
0000
0000
0000
0000
0000
0000
0000
0000
0000
0000
0000
0000
0000
0000
0000
0000
0000
0000
0000
0000
0000
0000
0000
0000
0000
0000
0000
0000
0000
0000
0000
0000
0000
0000
0000
0000
0000
0000
0000
0000
0000
0000
0000
0000
0000
0000
0000
0000
0000
0000
0000
0000
0000
0000
0000
0000
0000
0000
0040
3CFF
3CFE
3CFD
3CFC
3CFB
3CFA
3CF9
3CF8
3CF7
3CF6
3CF5
3CF4
3CF3
3CF2
3CF1
3CF0
3CEF
3CEE
3CED
3CEC
3CEB
3CEA
3CE9
3CE8
3CE7
3CE6
3CE5
3CE4
3CE3
3CE2
3CE1
3CE0
3CDF
3CDE
3CDD
3CDC
3CDB
3CDA
3CD9
3CD8
3CD7
3CD6
3CD5
3CD4
3CD3
3CD2
3CD1
3CD0
3CCF
3CCE
3CCD
3CCC
3CCB
3CCA
3CC9
3CC8
3CC7
3CC6
3CC5
3CC4
3CC3
3CC2
3CC1
3CC0
