0000
0000
0000
0000
0000
0000
0000
0000
0000
0000
0000
0000
0000
0000
0000
0000
0000
0000
0000
0000
0000
0000
0000
0000
0000
0000
0000
0000
0000
0000
0000
0000
0000
0000
0000
0000
0000
0000
0000
0000
0000
0000
0000
0000
0000
0000
0000
0000
0000
0000
0000
0000
0000
0000
0000
0000
0000
0000
0000
0000
0000
0000
0000
0000
0000
0000
0000
0000
0000
0000
0000
0000
0000
0000
0000
0000
0000
0000
0000
0000
0000
0000
0000
0000
0000
0000
0000
0000
0000
0000
0000
0000
0000
0000
0000
0000
0000
0000
0000
0000
0000
0000
0000
0000
0000
0000
0000
0000
0000
0000
0000
0000
0000
0000
0000
0000
0000
0000
0000
0000
0000
0000
0000
0000
0000
0000
0000
0000
0000
0000
0000
0000
0000
0000
0000
0000
0000
0000
0000
0000
0000
0000
0000
0000
0000
0000
0000
0000
0000
0000
0000
0000
0000
0000
0000
0000
0000
0000
0000
0000
0000
0000
0000
0000
0000
0000
0000
0000
0000
0000
0000
0000
0000
0000
0000
0000
0000
0000
0000
0000
0000
0000
0000
0000
0000
0000
0000
0000
0000
0000
0000
0040
1D3F
1D3E
1D3D
1D3C
1D3B
1D3A
1D39
1D38
1D37
1D36
1D35
1D34
1D33
1D32
1D31
1D30
1D2F
1D2E
1D2D
1D2C
1D2B
1D2A
1D29
1D28
1D27
1D26
1D25
1D24
1D23
1D22
1D21
1D20
1D1F
1D1E
1D1D
1D1C
1D1B
1D1A
1D19
1D18
1D17
1D16
1D15
1D14
1D13
1D12
1D11
1D10
1D0F
1D0E
1D0D
1D0C
1D0B
1D0A
1D09
1D08
1D07
1D06
1D05
1D04
1D03
1D02
1D01
1D00
