0000
0000
0000
0000
0000
0000
0000
0000
0000
0000
0000
0000
0000
0000
0000
0000
0000
0000
0000
0000
0000
0000
0000
0000
0000
0000
0000
0000
0000
0000
0000
0000
0000
0000
0000
0000
0000
0000
0000
0000
0000
0000
0000
0000
0000
0000
0000
0000
0000
0000
0000
0000
0000
0000
0000
0000
0000
0000
0000
0000
0000
0000
0000
0000
0000
0000
0000
0000
0000
0000
0000
0000
0000
0000
0000
0000
0000
0000
0000
0000
0000
0000
0000
0000
0000
0000
0000
0000
0000
0000
0000
0000
0000
0000
0000
0000
0000
0000
0000
0000
0000
0000
0000
0000
0000
0000
0000
0000
0000
0000
0000
0000
0000
0000
0000
0000
0000
0000
0000
0000
0000
0000
0000
0000
0000
0000
0000
0000
0000
0000
0000
0000
0000
0000
0000
0000
0000
0000
0000
0000
0000
0000
0000
0000
0000
0000
0000
0000
0000
0000
0000
0000
0000
0000
0000
0000
0000
0000
0000
0000
0000
0000
0000
0000
0000
0000
0000
0000
0000
0000
0000
0000
0000
0000
0000
0000
0000
0000
0000
0000
0000
0000
0000
0000
0000
0000
0000
0000
0000
0000
0000
0040
1EBF
1EBE
1EBD
1EBC
1EBB
1EBA
1EB9
1EB8
1EB7
1EB6
1EB5
1EB4
1EB3
1EB2
1EB1
1EB0
1EAF
1EAE
1EAD
1EAC
1EAB
1EAA
1EA9
1EA8
1EA7
1EA6
1EA5
1EA4
1EA3
1EA2
1EA1
1EA0
1E9F
1E9E
1E9D
1E9C
1E9B
1E9A
1E99
1E98
1E97
1E96
1E95
1E94
1E93
1E92
1E91
1E90
1E8F
1E8E
1E8D
1E8C
1E8B
1E8A
1E89
1E88
1E87
1E86
1E85
1E84
1E83
1E82
1E81
1E80
