0000
0000
0000
0000
0000
0000
0000
0000
0000
0000
0000
0000
0000
0000
0000
0000
0000
0000
0000
0000
0000
0000
0000
0000
0000
0000
0000
0000
0000
0000
0000
0000
0000
0000
0000
0000
0000
0000
0000
0000
0000
0000
0000
0000
0000
0000
0000
0000
0000
0000
0000
0000
0000
0000
0000
0000
0000
0000
0000
0000
0000
0000
0000
0000
0000
0000
0000
0000
0000
0000
0000
0000
0000
0000
0000
0000
0000
0000
0000
0000
0000
0000
0000
0000
0000
0000
0000
0000
0000
0000
0000
0000
0000
0000
0000
0000
0000
0000
0000
0000
0000
0000
0000
0000
0000
0000
0000
0000
0000
0000
0000
0000
0000
0000
0000
0000
0000
0000
0000
0000
0000
0000
0000
0000
0000
0000
0000
0000
0000
0000
0000
0000
0000
0000
0000
0000
0000
0000
0000
0000
0000
0000
0000
0000
0000
0000
0000
0000
0000
0000
0000
0000
0000
0000
0000
0000
0000
0000
0000
0000
0000
0000
0000
0000
0000
0000
0000
0000
0000
0000
0000
0000
0000
0000
0000
0000
0000
0000
0000
0000
0000
0000
0000
0000
0000
0000
0000
0000
0000
0000
0000
0040
45FF
45FE
45FD
45FC
45FB
45FA
45F9
45F8
45F7
45F6
45F5
45F4
45F3
45F2
45F1
45F0
45EF
45EE
45ED
45EC
45EB
45EA
45E9
45E8
45E7
45E6
45E5
45E4
45E3
45E2
45E1
45E0
45DF
45DE
45DD
45DC
45DB
45DA
45D9
45D8
45D7
45D6
45D5
45D4
45D3
45D2
45D1
45D0
45CF
45CE
45CD
45CC
45CB
45CA
45C9
45C8
45C7
45C6
45C5
45C4
45C3
45C2
45C1
45C0
