0000
0000
0000
0000
0000
0000
0000
0000
0000
0000
0000
0000
0000
0000
0000
0000
0000
0000
0000
0000
0000
0000
0000
0000
0000
0000
0000
0000
0000
0000
0000
0000
0000
0000
0000
0000
0000
0000
0000
0000
0000
0000
0000
0000
0000
0000
0000
0000
0000
0000
0000
0000
0000
0000
0000
0000
0000
0000
0000
0000
0000
0000
0000
0000
0000
0000
0000
0000
0000
0000
0000
0000
0000
0000
0000
0000
0000
0000
0000
0000
0000
0000
0000
0000
0000
0000
0000
0000
0000
0000
0000
0000
0000
0000
0000
0000
0000
0000
0000
0000
0000
0000
0000
0000
0000
0000
0000
0000
0000
0000
0000
0000
0000
0000
0000
0000
0000
0000
0000
0000
0000
0000
0000
0000
0000
0000
0000
0000
0000
0000
0000
0000
0000
0000
0000
0000
0000
0000
0000
0000
0000
0000
0000
0000
0000
0000
0000
0000
0000
0000
0000
0000
0000
0000
0000
0000
0000
0000
0000
0000
0000
0000
0000
0000
0000
0000
0000
0000
0000
0000
0000
0000
0000
0000
0000
0000
0000
0000
0000
0000
0000
0000
0000
0000
0000
0000
0000
0000
0000
0000
0000
0040
3ABF
3ABE
3ABD
3ABC
3ABB
3ABA
3AB9
3AB8
3AB7
3AB6
3AB5
3AB4
3AB3
3AB2
3AB1
3AB0
3AAF
3AAE
3AAD
3AAC
3AAB
3AAA
3AA9
3AA8
3AA7
3AA6
3AA5
3AA4
3AA3
3AA2
3AA1
3AA0
3A9F
3A9E
3A9D
3A9C
3A9B
3A9A
3A99
3A98
3A97
3A96
3A95
3A94
3A93
3A92
3A91
3A90
3A8F
3A8E
3A8D
3A8C
3A8B
3A8A
3A89
3A88
3A87
3A86
3A85
3A84
3A83
3A82
3A81
3A80
