0000
0000
0000
0000
0000
0000
0000
0000
0000
0000
0000
0000
0000
0000
0000
0000
0000
0000
0000
0000
0000
0000
0000
0000
0000
0000
0000
0000
0000
0000
0000
0000
0000
0000
0000
0000
0000
0000
0000
0000
0000
0000
0000
0000
0000
0000
0000
0000
0000
0000
0000
0000
0000
0000
0000
0000
0000
0000
0000
0000
0000
0000
0000
0000
0000
0000
0000
0000
0000
0000
0000
0000
0000
0000
0000
0000
0000
0000
0000
0000
0000
0000
0000
0000
0000
0000
0000
0000
0000
0000
0000
0000
0000
0000
0000
0000
0000
0000
0000
0000
0000
0000
0000
0000
0000
0000
0000
0000
0000
0000
0000
0000
0000
0000
0000
0000
0000
0000
0000
0000
0000
0000
0000
0000
0000
0000
0000
0000
0000
0000
0000
0000
0000
0000
0000
0000
0000
0000
0000
0000
0000
0000
0000
0000
0000
0000
0000
0000
0000
0000
0000
0000
0000
0000
0000
0000
0000
0000
0000
0000
0000
0000
0000
0000
0000
0000
0000
0000
0000
0000
0000
0000
0000
0000
0000
0000
0000
0000
0000
0000
0000
0000
0000
0000
0000
0000
0000
0000
0000
0000
0000
0040
0CFF
0CFE
0CFD
0CFC
0CFB
0CFA
0CF9
0CF8
0CF7
0CF6
0CF5
0CF4
0CF3
0CF2
0CF1
0CF0
0CEF
0CEE
0CED
0CEC
0CEB
0CEA
0CE9
0CE8
0CE7
0CE6
0CE5
0CE4
0CE3
0CE2
0CE1
0CE0
0CDF
0CDE
0CDD
0CDC
0CDB
0CDA
0CD9
0CD8
0CD7
0CD6
0CD5
0CD4
0CD3
0CD2
0CD1
0CD0
0CCF
0CCE
0CCD
0CCC
0CCB
0CCA
0CC9
0CC8
0CC7
0CC6
0CC5
0CC4
0CC3
0CC2
0CC1
0CC0
