0000
0000
0000
0000
0000
0000
0000
0000
0000
0000
0000
0000
0000
0000
0000
0000
0000
0000
0000
0000
0000
0000
0000
0000
0000
0000
0000
0000
0000
0000
0000
0000
0000
0000
0000
0000
0000
0000
0000
0000
0000
0000
0000
0000
0000
0000
0000
0000
0000
0000
0000
0000
0000
0000
0000
0000
0000
0000
0000
0000
0000
0000
0000
0000
0000
0000
0000
0000
0000
0000
0000
0000
0000
0000
0000
0000
0000
0000
0000
0000
0000
0000
0000
0000
0000
0000
0000
0000
0000
0000
0000
0000
0000
0000
0000
0000
0000
0000
0000
0000
0000
0000
0000
0000
0000
0000
0000
0000
0000
0000
0000
0000
0000
0000
0000
0000
0000
0000
0000
0000
0000
0000
0000
0000
0000
0000
0000
0000
0000
0000
0000
0000
0000
0000
0000
0000
0000
0000
0000
0000
0000
0000
0000
0000
0000
0000
0000
0000
0000
0000
0000
0000
0000
0000
0000
0000
0000
0000
0000
0000
0000
0000
0000
0000
0000
0000
0000
0000
0000
0000
0000
0000
0000
0000
0000
0000
0000
0000
0000
0000
0000
0000
0000
0000
0000
0000
0000
0000
0000
0000
0000
0040
1BBF
1BBE
1BBD
1BBC
1BBB
1BBA
1BB9
1BB8
1BB7
1BB6
1BB5
1BB4
1BB3
1BB2
1BB1
1BB0
1BAF
1BAE
1BAD
1BAC
1BAB
1BAA
1BA9
1BA8
1BA7
1BA6
1BA5
1BA4
1BA3
1BA2
1BA1
1BA0
1B9F
1B9E
1B9D
1B9C
1B9B
1B9A
1B99
1B98
1B97
1B96
1B95
1B94
1B93
1B92
1B91
1B90
1B8F
1B8E
1B8D
1B8C
1B8B
1B8A
1B89
1B88
1B87
1B86
1B85
1B84
1B83
1B82
1B81
1B80
