0000
0000
0000
0000
0000
0000
0000
0000
0000
0000
0000
0000
0000
0000
0000
0000
0000
0000
0000
0000
0000
0000
0000
0000
0000
0000
0000
0000
0000
0000
0000
0000
0000
0000
0000
0000
0000
0000
0000
0000
0000
0000
0000
0000
0000
0000
0000
0000
0000
0000
0000
0000
0000
0000
0000
0000
0000
0000
0000
0000
0000
0000
0000
0000
0000
0000
0000
0000
0000
0000
0000
0000
0000
0000
0000
0000
0000
0000
0000
0000
0000
0000
0000
0000
0000
0000
0000
0000
0000
0000
0000
0000
0000
0000
0000
0000
0000
0000
0000
0000
0000
0000
0000
0000
0000
0000
0000
0000
0000
0000
0000
0000
0000
0000
0000
0000
0000
0000
0000
0000
0000
0000
0000
0000
0000
0000
0000
0000
0000
0000
0000
0000
0000
0000
0000
0000
0000
0000
0000
0000
0000
0000
0000
0000
0000
0000
0000
0000
0000
0000
0000
0000
0000
0000
0000
0000
0000
0000
0000
0000
0000
0000
0000
0000
0000
0000
0000
0000
0000
0000
0000
0000
0000
0000
0000
0000
0000
0000
0000
0000
0000
0000
0000
0000
0000
0000
0000
0000
0000
0000
0000
0040
0CBF
0CBE
0CBD
0CBC
0CBB
0CBA
0CB9
0CB8
0CB7
0CB6
0CB5
0CB4
0CB3
0CB2
0CB1
0CB0
0CAF
0CAE
0CAD
0CAC
0CAB
0CAA
0CA9
0CA8
0CA7
0CA6
0CA5
0CA4
0CA3
0CA2
0CA1
0CA0
0C9F
0C9E
0C9D
0C9C
0C9B
0C9A
0C99
0C98
0C97
0C96
0C95
0C94
0C93
0C92
0C91
0C90
0C8F
0C8E
0C8D
0C8C
0C8B
0C8A
0C89
0C88
0C87
0C86
0C85
0C84
0C83
0C82
0C81
0C80
