0000
0000
0000
0000
0000
0000
0000
0000
0000
0000
0000
0000
0000
0000
0000
0000
0000
0000
0000
0000
0000
0000
0000
0000
0000
0000
0000
0000
0000
0000
0000
0000
0000
0000
0000
0000
0000
0000
0000
0000
0000
0000
0000
0000
0000
0000
0000
0000
0000
0000
0000
0000
0000
0000
0000
0000
0000
0000
0000
0000
0000
0000
0000
0000
0000
0000
0000
0000
0000
0000
0000
0000
0000
0000
0000
0000
0000
0000
0000
0000
0000
0000
0000
0000
0000
0000
0000
0000
0000
0000
0000
0000
0000
0000
0000
0000
0000
0000
0000
0000
0000
0000
0000
0000
0000
0000
0000
0000
0000
0000
0000
0000
0000
0000
0000
0000
0000
0000
0000
0000
0000
0000
0000
0000
0000
0000
0000
0000
0000
0000
0000
0000
0000
0000
0000
0000
0000
0000
0000
0000
0000
0000
0000
0000
0000
0000
0000
0000
0000
0000
0000
0000
0000
0000
0000
0000
0000
0000
0000
0000
0000
0000
0000
0000
0000
0000
0000
0000
0000
0000
0000
0000
0000
0000
0000
0000
0000
0000
0000
0000
0000
0000
0000
0000
0000
0000
0000
0000
0000
0000
0000
0040
3DBF
3DBE
3DBD
3DBC
3DBB
3DBA
3DB9
3DB8
3DB7
3DB6
3DB5
3DB4
3DB3
3DB2
3DB1
3DB0
3DAF
3DAE
3DAD
3DAC
3DAB
3DAA
3DA9
3DA8
3DA7
3DA6
3DA5
3DA4
3DA3
3DA2
3DA1
3DA0
3D9F
3D9E
3D9D
3D9C
3D9B
3D9A
3D99
3D98
3D97
3D96
3D95
3D94
3D93
3D92
3D91
3D90
3D8F
3D8E
3D8D
3D8C
3D8B
3D8A
3D89
3D88
3D87
3D86
3D85
3D84
3D83
3D82
3D81
3D80
