0000
0000
0000
0000
0000
0000
0000
0000
0000
0000
0000
0000
0000
0000
0000
0000
0000
0000
0000
0000
0000
0000
0000
0000
0000
0000
0000
0000
0000
0000
0000
0000
0000
0000
0000
0000
0000
0000
0000
0000
0000
0000
0000
0000
0000
0000
0000
0000
0000
0000
0000
0000
0000
0000
0000
0000
0000
0000
0000
0000
0000
0000
0000
0000
0000
0000
0000
0000
0000
0000
0000
0000
0000
0000
0000
0000
0000
0000
0000
0000
0000
0000
0000
0000
0000
0000
0000
0000
0000
0000
0000
0000
0000
0000
0000
0000
0000
0000
0000
0000
0000
0000
0000
0000
0000
0000
0000
0000
0000
0000
0000
0000
0000
0000
0000
0000
0000
0000
0000
0000
0000
0000
0000
0000
0000
0000
0000
0000
0000
0000
0000
0000
0000
0000
0000
0000
0000
0000
0000
0000
0000
0000
0000
0000
0000
0000
0000
0000
0000
0000
0000
0000
0000
0000
0000
0000
0000
0000
0000
0000
0000
0000
0000
0000
0000
0000
0000
0000
0000
0000
0000
0000
0000
0000
0000
0000
0000
0000
0000
0000
0000
0000
0000
0000
0000
0000
0000
0000
0000
0000
0000
0040
4D3F
4D3E
4D3D
4D3C
4D3B
4D3A
4D39
4D38
4D37
4D36
4D35
4D34
4D33
4D32
4D31
4D30
4D2F
4D2E
4D2D
4D2C
4D2B
4D2A
4D29
4D28
4D27
4D26
4D25
4D24
4D23
4D22
4D21
4D20
4D1F
4D1E
4D1D
4D1C
4D1B
4D1A
4D19
4D18
4D17
4D16
4D15
4D14
4D13
4D12
4D11
4D10
4D0F
4D0E
4D0D
4D0C
4D0B
4D0A
4D09
4D08
4D07
4D06
4D05
4D04
4D03
4D02
4D01
4D00
