0000
0000
0000
0000
0000
0000
0000
0000
0000
0000
0000
0000
0000
0000
0000
0000
0000
0000
0000
0000
0000
0000
0000
0000
0000
0000
0000
0000
0000
0000
0000
0000
0000
0000
0000
0000
0000
0000
0000
0000
0000
0000
0000
0000
0000
0000
0000
0000
0000
0000
0000
0000
0000
0000
0000
0000
0000
0000
0000
0000
0000
0000
0000
0000
0000
0000
0000
0000
0000
0000
0000
0000
0000
0000
0000
0000
0000
0000
0000
0000
0000
0000
0000
0000
0000
0000
0000
0000
0000
0000
0000
0000
0000
0000
0000
0000
0000
0000
0000
0000
0000
0000
0000
0000
0000
0000
0000
0000
0000
0000
0000
0000
0000
0000
0000
0000
0000
0000
0000
0000
0000
0000
0000
0000
0000
0000
0000
0000
0000
0000
0000
0000
0000
0000
0000
0000
0000
0000
0000
0000
0000
0000
0000
0000
0000
0000
0000
0000
0000
0000
0000
0000
0000
0000
0000
0000
0000
0000
0000
0000
0000
0000
0000
0000
0000
0000
0000
0000
0000
0000
0000
0000
0000
0000
0000
0000
0000
0000
0000
0000
0000
0000
0000
0000
0000
0000
0000
0000
0000
0000
0000
0040
43FF
43FE
43FD
43FC
43FB
43FA
43F9
43F8
43F7
43F6
43F5
43F4
43F3
43F2
43F1
43F0
43EF
43EE
43ED
43EC
43EB
43EA
43E9
43E8
43E7
43E6
43E5
43E4
43E3
43E2
43E1
43E0
43DF
43DE
43DD
43DC
43DB
43DA
43D9
43D8
43D7
43D6
43D5
43D4
43D3
43D2
43D1
43D0
43CF
43CE
43CD
43CC
43CB
43CA
43C9
43C8
43C7
43C6
43C5
43C4
43C3
43C2
43C1
43C0
