0000
0000
0000
0000
0000
0000
0000
0000
0000
0000
0000
0000
0000
0000
0000
0000
0000
0000
0000
0000
0000
0000
0000
0000
0000
0000
0000
0000
0000
0000
0000
0000
0000
0000
0000
0000
0000
0000
0000
0000
0000
0000
0000
0000
0000
0000
0000
0000
0000
0000
0000
0000
0000
0000
0000
0000
0000
0000
0000
0000
0000
0000
0000
0000
0000
0000
0000
0000
0000
0000
0000
0000
0000
0000
0000
0000
0000
0000
0000
0000
0000
0000
0000
0000
0000
0000
0000
0000
0000
0000
0000
0000
0000
0000
0000
0000
0000
0000
0000
0000
0000
0000
0000
0000
0000
0000
0000
0000
0000
0000
0000
0000
0000
0000
0000
0000
0000
0000
0000
0000
0000
0000
0000
0000
0000
0000
0000
0000
0000
0000
0000
0000
0000
0000
0000
0000
0000
0000
0000
0000
0000
0000
0000
0000
0000
0000
0000
0000
0000
0000
0000
0000
0000
0000
0000
0000
0000
0000
0000
0000
0000
0000
0000
0000
0000
0000
0000
0000
0000
0000
0000
0000
0000
0000
0000
0000
0000
0000
0000
0000
0000
0000
0000
0000
0000
0000
0000
0000
0000
0000
0000
0040
22FF
22FE
22FD
22FC
22FB
22FA
22F9
22F8
22F7
22F6
22F5
22F4
22F3
22F2
22F1
22F0
22EF
22EE
22ED
22EC
22EB
22EA
22E9
22E8
22E7
22E6
22E5
22E4
22E3
22E2
22E1
22E0
22DF
22DE
22DD
22DC
22DB
22DA
22D9
22D8
22D7
22D6
22D5
22D4
22D3
22D2
22D1
22D0
22CF
22CE
22CD
22CC
22CB
22CA
22C9
22C8
22C7
22C6
22C5
22C4
22C3
22C2
22C1
22C0
