0000
0000
0000
0000
0000
0000
0000
0000
0000
0000
0000
0000
0000
0000
0000
0000
0000
0000
0000
0000
0000
0000
0000
0000
0000
0000
0000
0000
0000
0000
0000
0000
0000
0000
0000
0000
0000
0000
0000
0000
0000
0000
0000
0000
0000
0000
0000
0000
0000
0000
0000
0000
0000
0000
0000
0000
0000
0000
0000
0000
0000
0000
0000
0000
0000
0000
0000
0000
0000
0000
0000
0000
0000
0000
0000
0000
0000
0000
0000
0000
0000
0000
0000
0000
0000
0000
0000
0000
0000
0000
0000
0000
0000
0000
0000
0000
0000
0000
0000
0000
0000
0000
0000
0000
0000
0000
0000
0000
0000
0000
0000
0000
0000
0000
0000
0000
0000
0000
0000
0000
0000
0000
0000
0000
0000
0000
0000
0000
0000
0000
0000
0000
0000
0000
0000
0000
0000
0000
0000
0000
0000
0000
0000
0000
0000
0000
0000
0000
0000
0000
0000
0000
0000
0000
0000
0000
0000
0000
0000
0000
0000
0000
0000
0000
0000
0000
0000
0000
0000
0000
0000
0000
0000
0000
0000
0000
0000
0000
0000
0000
0000
0000
0000
0000
0000
0000
0000
0000
0000
0000
0000
0040
1C7F
1C7E
1C7D
1C7C
1C7B
1C7A
1C79
1C78
1C77
1C76
1C75
1C74
1C73
1C72
1C71
1C70
1C6F
1C6E
1C6D
1C6C
1C6B
1C6A
1C69
1C68
1C67
1C66
1C65
1C64
1C63
1C62
1C61
1C60
1C5F
1C5E
1C5D
1C5C
1C5B
1C5A
1C59
1C58
1C57
1C56
1C55
1C54
1C53
1C52
1C51
1C50
1C4F
1C4E
1C4D
1C4C
1C4B
1C4A
1C49
1C48
1C47
1C46
1C45
1C44
1C43
1C42
1C41
1C40
