0000
0000
0000
0000
0000
0000
0000
0000
0000
0000
0000
0000
0000
0000
0000
0000
0000
0000
0000
0000
0000
0000
0000
0000
0000
0000
0000
0000
0000
0000
0000
0000
0000
0000
0000
0000
0000
0000
0000
0000
0000
0000
0000
0000
0000
0000
0000
0000
0000
0000
0000
0000
0000
0000
0000
0000
0000
0000
0000
0000
0000
0000
0000
0000
0000
0000
0000
0000
0000
0000
0000
0000
0000
0000
0000
0000
0000
0000
0000
0000
0000
0000
0000
0000
0000
0000
0000
0000
0000
0000
0000
0000
0000
0000
0000
0000
0000
0000
0000
0000
0000
0000
0000
0000
0000
0000
0000
0000
0000
0000
0000
0000
0000
0000
0000
0000
0000
0000
0000
0000
0000
0000
0000
0000
0000
0000
0000
0000
0000
0000
0000
0000
0000
0000
0000
0000
0000
0000
0000
0000
0000
0000
0000
0000
0000
0000
0000
0000
0000
0000
0000
0000
0000
0000
0000
0000
0000
0000
0000
0000
0000
0000
0000
0000
0000
0000
0000
0000
0000
0000
0000
0000
0000
0000
0000
0000
0000
0000
0000
0000
0000
0000
0000
0000
0000
0000
0000
0000
0000
0000
0000
0040
03FF
03FE
03FD
03FC
03FB
03FA
03F9
03F8
03F7
03F6
03F5
03F4
03F3
03F2
03F1
03F0
03EF
03EE
03ED
03EC
03EB
03EA
03E9
03E8
03E7
03E6
03E5
03E4
03E3
03E2
03E1
03E0
03DF
03DE
03DD
03DC
03DB
03DA
03D9
03D8
03D7
03D6
03D5
03D4
03D3
03D2
03D1
03D0
03CF
03CE
03CD
03CC
03CB
03CA
03C9
03C8
03C7
03C6
03C5
03C4
03C3
03C2
03C1
03C0
