0000
0000
0000
0000
0000
0000
0000
0000
0000
0000
0000
0000
0000
0000
0000
0000
0000
0000
0000
0000
0000
0000
0000
0000
0000
0000
0000
0000
0000
0000
0000
0000
0000
0000
0000
0000
0000
0000
0000
0000
0000
0000
0000
0000
0000
0000
0000
0000
0000
0000
0000
0000
0000
0000
0000
0000
0000
0000
0000
0000
0000
0000
0000
0000
0000
0000
0000
0000
0000
0000
0000
0000
0000
0000
0000
0000
0000
0000
0000
0000
0000
0000
0000
0000
0000
0000
0000
0000
0000
0000
0000
0000
0000
0000
0000
0000
0000
0000
0000
0000
0000
0000
0000
0000
0000
0000
0000
0000
0000
0000
0000
0000
0000
0000
0000
0000
0000
0000
0000
0000
0000
0000
0000
0000
0000
0000
0000
0000
0000
0000
0000
0000
0000
0000
0000
0000
0000
0000
0000
0000
0000
0000
0000
0000
0000
0000
0000
0000
0000
0000
0000
0000
0000
0000
0000
0000
0000
0000
0000
0000
0000
0000
0000
0000
0000
0000
0000
0000
0000
0000
0000
0000
0000
0000
0000
0000
0000
0000
0000
0000
0000
0000
0000
0000
0000
0000
0000
0000
0000
0000
0000
0040
0A3F
0A3E
0A3D
0A3C
0A3B
0A3A
0A39
0A38
0A37
0A36
0A35
0A34
0A33
0A32
0A31
0A30
0A2F
0A2E
0A2D
0A2C
0A2B
0A2A
0A29
0A28
0A27
0A26
0A25
0A24
0A23
0A22
0A21
0A20
0A1F
0A1E
0A1D
0A1C
0A1B
0A1A
0A19
0A18
0A17
0A16
0A15
0A14
0A13
0A12
0A11
0A10
0A0F
0A0E
0A0D
0A0C
0A0B
0A0A
0A09
0A08
0A07
0A06
0A05
0A04
0A03
0A02
0A01
0A00
