0000
0000
0000
0000
0000
0000
0000
0000
0000
0000
0000
0000
0000
0000
0000
0000
0000
0000
0000
0000
0000
0000
0000
0000
0000
0000
0000
0000
0000
0000
0000
0000
0000
0000
0000
0000
0000
0000
0000
0000
0000
0000
0000
0000
0000
0000
0000
0000
0000
0000
0000
0000
0000
0000
0000
0000
0000
0000
0000
0000
0000
0000
0000
0000
0000
0000
0000
0000
0000
0000
0000
0000
0000
0000
0000
0000
0000
0000
0000
0000
0000
0000
0000
0000
0000
0000
0000
0000
0000
0000
0000
0000
0000
0000
0000
0000
0000
0000
0000
0000
0000
0000
0000
0000
0000
0000
0000
0000
0000
0000
0000
0000
0000
0000
0000
0000
0000
0000
0000
0000
0000
0000
0000
0000
0000
0000
0000
0000
0000
0000
0000
0000
0000
0000
0000
0000
0000
0000
0000
0000
0000
0000
0000
0000
0000
0000
0000
0000
0000
0000
0000
0000
0000
0000
0000
0000
0000
0000
0000
0000
0000
0000
0000
0000
0000
0000
0000
0000
0000
0000
0000
0000
0000
0000
0000
0000
0000
0000
0000
0000
0000
0000
0000
0000
0000
0000
0000
0000
0000
0000
0000
0040
0E3F
0E3E
0E3D
0E3C
0E3B
0E3A
0E39
0E38
0E37
0E36
0E35
0E34
0E33
0E32
0E31
0E30
0E2F
0E2E
0E2D
0E2C
0E2B
0E2A
0E29
0E28
0E27
0E26
0E25
0E24
0E23
0E22
0E21
0E20
0E1F
0E1E
0E1D
0E1C
0E1B
0E1A
0E19
0E18
0E17
0E16
0E15
0E14
0E13
0E12
0E11
0E10
0E0F
0E0E
0E0D
0E0C
0E0B
0E0A
0E09
0E08
0E07
0E06
0E05
0E04
0E03
0E02
0E01
0E00
