0000
0000
0000
0000
0000
0000
0000
0000
0000
0000
0000
0000
0000
0000
0000
0000
0000
0000
0000
0000
0000
0000
0000
0000
0000
0000
0000
0000
0000
0000
0000
0000
0000
0000
0000
0000
0000
0000
0000
0000
0000
0000
0000
0000
0000
0000
0000
0000
0000
0000
0000
0000
0000
0000
0000
0000
0000
0000
0000
0000
0000
0000
0000
0000
0000
0000
0000
0000
0000
0000
0000
0000
0000
0000
0000
0000
0000
0000
0000
0000
0000
0000
0000
0000
0000
0000
0000
0000
0000
0000
0000
0000
0000
0000
0000
0000
0000
0000
0000
0000
0000
0000
0000
0000
0000
0000
0000
0000
0000
0000
0000
0000
0000
0000
0000
0000
0000
0000
0000
0000
0000
0000
0000
0000
0000
0000
0000
0000
0000
0000
0000
0000
0000
0000
0000
0000
0000
0000
0000
0000
0000
0000
0000
0000
0000
0000
0000
0000
0000
0000
0000
0000
0000
0000
0000
0000
0000
0000
0000
0000
0000
0000
0000
0000
0000
0000
0000
0000
0000
0000
0000
0000
0000
0000
0000
0000
0000
0000
0000
0000
0000
0000
0000
0000
0000
0000
0000
0000
0000
0000
0000
0040
2F3F
2F3E
2F3D
2F3C
2F3B
2F3A
2F39
2F38
2F37
2F36
2F35
2F34
2F33
2F32
2F31
2F30
2F2F
2F2E
2F2D
2F2C
2F2B
2F2A
2F29
2F28
2F27
2F26
2F25
2F24
2F23
2F22
2F21
2F20
2F1F
2F1E
2F1D
2F1C
2F1B
2F1A
2F19
2F18
2F17
2F16
2F15
2F14
2F13
2F12
2F11
2F10
2F0F
2F0E
2F0D
2F0C
2F0B
2F0A
2F09
2F08
2F07
2F06
2F05
2F04
2F03
2F02
2F01
2F00
