0000
0000
0000
0000
0000
0000
0000
0000
0000
0000
0000
0000
0000
0000
0000
0000
0000
0000
0000
0000
0000
0000
0000
0000
0000
0000
0000
0000
0000
0000
0000
0000
0000
0000
0000
0000
0000
0000
0000
0000
0000
0000
0000
0000
0000
0000
0000
0000
0000
0000
0000
0000
0000
0000
0000
0000
0000
0000
0000
0000
0000
0000
0000
0000
0000
0000
0000
0000
0000
0000
0000
0000
0000
0000
0000
0000
0000
0000
0000
0000
0000
0000
0000
0000
0000
0000
0000
0000
0000
0000
0000
0000
0000
0000
0000
0000
0000
0000
0000
0000
0000
0000
0000
0000
0000
0000
0000
0000
0000
0000
0000
0000
0000
0000
0000
0000
0000
0000
0000
0000
0000
0000
0000
0000
0000
0000
0000
0000
0000
0000
0000
0000
0000
0000
0000
0000
0000
0000
0000
0000
0000
0000
0000
0000
0000
0000
0000
0000
0000
0000
0000
0000
0000
0000
0000
0000
0000
0000
0000
0000
0000
0000
0000
0000
0000
0000
0000
0000
0000
0000
0000
0000
0000
0000
0000
0000
0000
0000
0000
0000
0000
0000
0000
0000
0000
0000
0000
0000
0000
0000
0000
0040
4FBF
4FBE
4FBD
4FBC
4FBB
4FBA
4FB9
4FB8
4FB7
4FB6
4FB5
4FB4
4FB3
4FB2
4FB1
4FB0
4FAF
4FAE
4FAD
4FAC
4FAB
4FAA
4FA9
4FA8
4FA7
4FA6
4FA5
4FA4
4FA3
4FA2
4FA1
4FA0
4F9F
4F9E
4F9D
4F9C
4F9B
4F9A
4F99
4F98
4F97
4F96
4F95
4F94
4F93
4F92
4F91
4F90
4F8F
4F8E
4F8D
4F8C
4F8B
4F8A
4F89
4F88
4F87
4F86
4F85
4F84
4F83
4F82
4F81
4F80
