0000
0000
0000
0000
0000
0000
0000
0000
0000
0000
0000
0000
0000
0000
0000
0000
0000
0000
0000
0000
0000
0000
0000
0000
0000
0000
0000
0000
0000
0000
0000
0000
0000
0000
0000
0000
0000
0000
0000
0000
0000
0000
0000
0000
0000
0000
0000
0000
0000
0000
0000
0000
0000
0000
0000
0000
0000
0000
0000
0000
0000
0000
0000
0000
0000
0000
0000
0000
0000
0000
0000
0000
0000
0000
0000
0000
0000
0000
0000
0000
0000
0000
0000
0000
0000
0000
0000
0000
0000
0000
0000
0000
0000
0000
0000
0000
0000
0000
0000
0000
0000
0000
0000
0000
0000
0000
0000
0000
0000
0000
0000
0000
0000
0000
0000
0000
0000
0000
0000
0000
0000
0000
0000
0000
0000
0000
0000
0000
0000
0000
0000
0000
0000
0000
0000
0000
0000
0000
0000
0000
0000
0000
0000
0000
0000
0000
0000
0000
0000
0000
0000
0000
0000
0000
0000
0000
0000
0000
0000
0000
0000
0000
0000
0000
0000
0000
0000
0000
0000
0000
0000
0000
0000
0000
0000
0000
0000
0000
0000
0000
0000
0000
0000
0000
0000
0000
0000
0000
0000
0000
0000
0040
13FF
13FE
13FD
13FC
13FB
13FA
13F9
13F8
13F7
13F6
13F5
13F4
13F3
13F2
13F1
13F0
13EF
13EE
13ED
13EC
13EB
13EA
13E9
13E8
13E7
13E6
13E5
13E4
13E3
13E2
13E1
13E0
13DF
13DE
13DD
13DC
13DB
13DA
13D9
13D8
13D7
13D6
13D5
13D4
13D3
13D2
13D1
13D0
13CF
13CE
13CD
13CC
13CB
13CA
13C9
13C8
13C7
13C6
13C5
13C4
13C3
13C2
13C1
13C0
