0000
0000
0000
0000
0000
0000
0000
0000
0000
0000
0000
0000
0000
0000
0000
0000
0000
0000
0000
0000
0000
0000
0000
0000
0000
0000
0000
0000
0000
0000
0000
0000
0000
0000
0000
0000
0000
0000
0000
0000
0000
0000
0000
0000
0000
0000
0000
0000
0000
0000
0000
0000
0000
0000
0000
0000
0000
0000
0000
0000
0000
0000
0000
0000
0000
0000
0000
0000
0000
0000
0000
0000
0000
0000
0000
0000
0000
0000
0000
0000
0000
0000
0000
0000
0000
0000
0000
0000
0000
0000
0000
0000
0000
0000
0000
0000
0000
0000
0000
0000
0000
0000
0000
0000
0000
0000
0000
0000
0000
0000
0000
0000
0000
0000
0000
0000
0000
0000
0000
0000
0000
0000
0000
0000
0000
0000
0000
0000
0000
0000
0000
0000
0000
0000
0000
0000
0000
0000
0000
0000
0000
0000
0000
0000
0000
0000
0000
0000
0000
0000
0000
0000
0000
0000
0000
0000
0000
0000
0000
0000
0000
0000
0000
0000
0000
0000
0000
0000
0000
0000
0000
0000
0000
0000
0000
0000
0000
0000
0000
0000
0000
0000
0000
0000
0000
0000
0000
0000
0000
0000
0000
0040
4F3F
4F3E
4F3D
4F3C
4F3B
4F3A
4F39
4F38
4F37
4F36
4F35
4F34
4F33
4F32
4F31
4F30
4F2F
4F2E
4F2D
4F2C
4F2B
4F2A
4F29
4F28
4F27
4F26
4F25
4F24
4F23
4F22
4F21
4F20
4F1F
4F1E
4F1D
4F1C
4F1B
4F1A
4F19
4F18
4F17
4F16
4F15
4F14
4F13
4F12
4F11
4F10
4F0F
4F0E
4F0D
4F0C
4F0B
4F0A
4F09
4F08
4F07
4F06
4F05
4F04
4F03
4F02
4F01
4F00
