0000
0000
0000
0000
0000
0000
0000
0000
0000
0000
0000
0000
0000
0000
0000
0000
0000
0000
0000
0000
0000
0000
0000
0000
0000
0000
0000
0000
0000
0000
0000
0000
0000
0000
0000
0000
0000
0000
0000
0000
0000
0000
0000
0000
0000
0000
0000
0000
0000
0000
0000
0000
0000
0000
0000
0000
0000
0000
0000
0000
0000
0000
0000
0000
0000
0000
0000
0000
0000
0000
0000
0000
0000
0000
0000
0000
0000
0000
0000
0000
0000
0000
0000
0000
0000
0000
0000
0000
0000
0000
0000
0000
0000
0000
0000
0000
0000
0000
0000
0000
0000
0000
0000
0000
0000
0000
0000
0000
0000
0000
0000
0000
0000
0000
0000
0000
0000
0000
0000
0000
0000
0000
0000
0000
0000
0000
0000
0000
0000
0000
0000
0000
0000
0000
0000
0000
0000
0000
0000
0000
0000
0000
0000
0000
0000
0000
0000
0000
0000
0000
0000
0000
0000
0000
0000
0000
0000
0000
0000
0000
0000
0000
0000
0000
0000
0000
0000
0000
0000
0000
0000
0000
0000
0000
0000
0000
0000
0000
0000
0000
0000
0000
0000
0000
0000
0000
0000
0000
0000
0000
0000
0040
1F7F
1F7E
1F7D
1F7C
1F7B
1F7A
1F79
1F78
1F77
1F76
1F75
1F74
1F73
1F72
1F71
1F70
1F6F
1F6E
1F6D
1F6C
1F6B
1F6A
1F69
1F68
1F67
1F66
1F65
1F64
1F63
1F62
1F61
1F60
1F5F
1F5E
1F5D
1F5C
1F5B
1F5A
1F59
1F58
1F57
1F56
1F55
1F54
1F53
1F52
1F51
1F50
1F4F
1F4E
1F4D
1F4C
1F4B
1F4A
1F49
1F48
1F47
1F46
1F45
1F44
1F43
1F42
1F41
1F40
