0000
0000
0000
0000
0000
0000
0000
0000
0000
0000
0000
0000
0000
0000
0000
0000
0000
0000
0000
0000
0000
0000
0000
0000
0000
0000
0000
0000
0000
0000
0000
0000
0000
0000
0000
0000
0000
0000
0000
0000
0000
0000
0000
0000
0000
0000
0000
0000
0000
0000
0000
0000
0000
0000
0000
0000
0000
0000
0000
0000
0000
0000
0000
0000
0000
0000
0000
0000
0000
0000
0000
0000
0000
0000
0000
0000
0000
0000
0000
0000
0000
0000
0000
0000
0000
0000
0000
0000
0000
0000
0000
0000
0000
0000
0000
0000
0000
0000
0000
0000
0000
0000
0000
0000
0000
0000
0000
0000
0000
0000
0000
0000
0000
0000
0000
0000
0000
0000
0000
0000
0000
0000
0000
0000
0000
0000
0000
0000
0000
0000
0000
0000
0000
0000
0000
0000
0000
0000
0000
0000
0000
0000
0000
0000
0000
0000
0000
0000
0000
0000
0000
0000
0000
0000
0000
0000
0000
0000
0000
0000
0000
0000
0000
0000
0000
0000
0000
0000
0000
0000
0000
0000
0000
0000
0000
0000
0000
0000
0000
0000
0000
0000
0000
0000
0000
0000
0000
0000
0000
0000
0000
0040
2A3F
2A3E
2A3D
2A3C
2A3B
2A3A
2A39
2A38
2A37
2A36
2A35
2A34
2A33
2A32
2A31
2A30
2A2F
2A2E
2A2D
2A2C
2A2B
2A2A
2A29
2A28
2A27
2A26
2A25
2A24
2A23
2A22
2A21
2A20
2A1F
2A1E
2A1D
2A1C
2A1B
2A1A
2A19
2A18
2A17
2A16
2A15
2A14
2A13
2A12
2A11
2A10
2A0F
2A0E
2A0D
2A0C
2A0B
2A0A
2A09
2A08
2A07
2A06
2A05
2A04
2A03
2A02
2A01
2A00
