0000
0000
0000
0000
0000
0000
0000
0000
0000
0000
0000
0000
0000
0000
0000
0000
0000
0000
0000
0000
0000
0000
0000
0000
0000
0000
0000
0000
0000
0000
0000
0000
0000
0000
0000
0000
0000
0000
0000
0000
0000
0000
0000
0000
0000
0000
0000
0000
0000
0000
0000
0000
0000
0000
0000
0000
0000
0000
0000
0000
0000
0000
0000
0000
0000
0000
0000
0000
0000
0000
0000
0000
0000
0000
0000
0000
0000
0000
0000
0000
0000
0000
0000
0000
0000
0000
0000
0000
0000
0000
0000
0000
0000
0000
0000
0000
0000
0000
0000
0000
0000
0000
0000
0000
0000
0000
0000
0000
0000
0000
0000
0000
0000
0000
0000
0000
0000
0000
0000
0000
0000
0000
0000
0000
0000
0000
0000
0000
0000
0000
0000
0000
0000
0000
0000
0000
0000
0000
0000
0000
0000
0000
0000
0000
0000
0000
0000
0000
0000
0000
0000
0000
0000
0000
0000
0000
0000
0000
0000
0000
0000
0000
0000
0000
0000
0000
0000
0000
0000
0000
0000
0000
0000
0000
0000
0000
0000
0000
0000
0000
0000
0000
0000
0000
0000
0000
0000
0000
0000
0000
0000
0040
3A3F
3A3E
3A3D
3A3C
3A3B
3A3A
3A39
3A38
3A37
3A36
3A35
3A34
3A33
3A32
3A31
3A30
3A2F
3A2E
3A2D
3A2C
3A2B
3A2A
3A29
3A28
3A27
3A26
3A25
3A24
3A23
3A22
3A21
3A20
3A1F
3A1E
3A1D
3A1C
3A1B
3A1A
3A19
3A18
3A17
3A16
3A15
3A14
3A13
3A12
3A11
3A10
3A0F
3A0E
3A0D
3A0C
3A0B
3A0A
3A09
3A08
3A07
3A06
3A05
3A04
3A03
3A02
3A01
3A00
