0000
0000
0000
0000
0000
0000
0000
0000
0000
0000
0000
0000
0000
0000
0000
0000
0000
0000
0000
0000
0000
0000
0000
0000
0000
0000
0000
0000
0000
0000
0000
0000
0000
0000
0000
0000
0000
0000
0000
0000
0000
0000
0000
0000
0000
0000
0000
0000
0000
0000
0000
0000
0000
0000
0000
0000
0000
0000
0000
0000
0000
0000
0000
0000
0000
0000
0000
0000
0000
0000
0000
0000
0000
0000
0000
0000
0000
0000
0000
0000
0000
0000
0000
0000
0000
0000
0000
0000
0000
0000
0000
0000
0000
0000
0000
0000
0000
0000
0000
0000
0000
0000
0000
0000
0000
0000
0000
0000
0000
0000
0000
0000
0000
0000
0000
0000
0000
0000
0000
0000
0000
0000
0000
0000
0000
0000
0000
0000
0000
0000
0000
0000
0000
0000
0000
0000
0000
0000
0000
0000
0000
0000
0000
0000
0000
0000
0000
0000
0000
0000
0000
0000
0000
0000
0000
0000
0000
0000
0000
0000
0000
0000
0000
0000
0000
0000
0000
0000
0000
0000
0000
0000
0000
0000
0000
0000
0000
0000
0000
0000
0000
0000
0000
0000
0000
0000
0000
0000
0000
0000
0000
0040
4F7F
4F7E
4F7D
4F7C
4F7B
4F7A
4F79
4F78
4F77
4F76
4F75
4F74
4F73
4F72
4F71
4F70
4F6F
4F6E
4F6D
4F6C
4F6B
4F6A
4F69
4F68
4F67
4F66
4F65
4F64
4F63
4F62
4F61
4F60
4F5F
4F5E
4F5D
4F5C
4F5B
4F5A
4F59
4F58
4F57
4F56
4F55
4F54
4F53
4F52
4F51
4F50
4F4F
4F4E
4F4D
4F4C
4F4B
4F4A
4F49
4F48
4F47
4F46
4F45
4F44
4F43
4F42
4F41
4F40
