0000
0000
0000
0000
0000
0000
0000
0000
0000
0000
0000
0000
0000
0000
0000
0000
0000
0000
0000
0000
0000
0000
0000
0000
0000
0000
0000
0000
0000
0000
0000
0000
0000
0000
0000
0000
0000
0000
0000
0000
0000
0000
0000
0000
0000
0000
0000
0000
0000
0000
0000
0000
0000
0000
0000
0000
0000
0000
0000
0000
0000
0000
0000
0000
0000
0000
0000
0000
0000
0000
0000
0000
0000
0000
0000
0000
0000
0000
0000
0000
0000
0000
0000
0000
0000
0000
0000
0000
0000
0000
0000
0000
0000
0000
0000
0000
0000
0000
0000
0000
0000
0000
0000
0000
0000
0000
0000
0000
0000
0000
0000
0000
0000
0000
0000
0000
0000
0000
0000
0000
0000
0000
0000
0000
0000
0000
0000
0000
0000
0000
0000
0000
0000
0000
0000
0000
0000
0000
0000
0000
0000
0000
0000
0000
0000
0000
0000
0000
0000
0000
0000
0000
0000
0000
0000
0000
0000
0000
0000
0000
0000
0000
0000
0000
0000
0000
0000
0000
0000
0000
0000
0000
0000
0000
0000
0000
0000
0000
0000
0000
0000
0000
0000
0000
0000
0000
0000
0000
0000
0000
0000
003F
4FFF
4FFE
4FFD
4FFC
4FFB
4FFA
4FF9
4FF8
4FF7
4FF6
4FF5
4FF4
4FF3
4FF2
4FF1
4FF0
4FEF
4FEE
4FED
4FEC
4FEB
4FEA
4FE9
4FE8
4FE7
4FE6
4FE5
4FE4
4FE3
4FE2
4FE1
4FE0
4FDF
4FDE
4FDD
4FDC
4FDB
4FDA
4FD9
4FD8
4FD7
4FD6
4FD5
4FD4
4FD3
4FD2
4FD1
4FD0
4FCF
4FCE
4FCD
4FCC
4FCB
4FCA
4FC9
4FC8
4FC7
4FC6
4FC5
4FC4
4FC3
4FC2
4FC1
4FC0
