0000
0000
0000
0000
0000
0000
0000
0000
0000
0000
0000
0000
0000
0000
0000
0000
0000
0000
0000
0000
0000
0000
0000
0000
0000
0000
0000
0000
0000
0000
0000
0000
0000
0000
0000
0000
0000
0000
0000
0000
0000
0000
0000
0000
0000
0000
0000
0000
0000
0000
0000
0000
0000
0000
0000
0000
0000
0000
0000
0000
0000
0000
0000
0000
0000
0000
0000
0000
0000
0000
0000
0000
0000
0000
0000
0000
0000
0000
0000
0000
0000
0000
0000
0000
0000
0000
0000
0000
0000
0000
0000
0000
0000
0000
0000
0000
0000
0000
0000
0000
0000
0000
0000
0000
0000
0000
0000
0000
0000
0000
0000
0000
0000
0000
0000
0000
0000
0000
0000
0000
0000
0000
0000
0000
0000
0000
0000
0000
0000
0000
0000
0000
0000
0000
0000
0000
0000
0000
0000
0000
0000
0000
0000
0000
0000
0000
0000
0000
0000
0000
0000
0000
0000
0000
0000
0000
0000
0000
0000
0000
0000
0000
0000
0000
0000
0000
0000
0000
0000
0000
0000
0000
0000
0000
0000
0000
0000
0000
0000
0000
0000
0000
0000
0000
0000
0000
0000
0000
0000
0000
0000
0040
09FF
09FE
09FD
09FC
09FB
09FA
09F9
09F8
09F7
09F6
09F5
09F4
09F3
09F2
09F1
09F0
09EF
09EE
09ED
09EC
09EB
09EA
09E9
09E8
09E7
09E6
09E5
09E4
09E3
09E2
09E1
09E0
09DF
09DE
09DD
09DC
09DB
09DA
09D9
09D8
09D7
09D6
09D5
09D4
09D3
09D2
09D1
09D0
09CF
09CE
09CD
09CC
09CB
09CA
09C9
09C8
09C7
09C6
09C5
09C4
09C3
09C2
09C1
09C0
