0000
0000
0000
0000
0000
0000
0000
0000
0000
0000
0000
0000
0000
0000
0000
0000
0000
0000
0000
0000
0000
0000
0000
0000
0000
0000
0000
0000
0000
0000
0000
0000
0000
0000
0000
0000
0000
0000
0000
0000
0000
0000
0000
0000
0000
0000
0000
0000
0000
0000
0000
0000
0000
0000
0000
0000
0000
0000
0000
0000
0000
0000
0000
0000
0000
0000
0000
0000
0000
0000
0000
0000
0000
0000
0000
0000
0000
0000
0000
0000
0000
0000
0000
0000
0000
0000
0000
0000
0000
0000
0000
0000
0000
0000
0000
0000
0000
0000
0000
0000
0000
0000
0000
0000
0000
0000
0000
0000
0000
0000
0000
0000
0000
0000
0000
0000
0000
0000
0000
0000
0000
0000
0000
0000
0000
0000
0000
0000
0000
0000
0000
0000
0000
0000
0000
0000
0000
0000
0000
0000
0000
0000
0000
0000
0000
0000
0000
0000
0000
0000
0000
0000
0000
0000
0000
0000
0000
0000
0000
0000
0000
0000
0000
0000
0000
0000
0000
0000
0000
0000
0000
0000
0000
0000
0000
0000
0000
0000
0000
0000
0000
0000
0000
0000
0000
0000
0000
0000
0000
0000
0000
0040
0EFF
0EFE
0EFD
0EFC
0EFB
0EFA
0EF9
0EF8
0EF7
0EF6
0EF5
0EF4
0EF3
0EF2
0EF1
0EF0
0EEF
0EEE
0EED
0EEC
0EEB
0EEA
0EE9
0EE8
0EE7
0EE6
0EE5
0EE4
0EE3
0EE2
0EE1
0EE0
0EDF
0EDE
0EDD
0EDC
0EDB
0EDA
0ED9
0ED8
0ED7
0ED6
0ED5
0ED4
0ED3
0ED2
0ED1
0ED0
0ECF
0ECE
0ECD
0ECC
0ECB
0ECA
0EC9
0EC8
0EC7
0EC6
0EC5
0EC4
0EC3
0EC2
0EC1
0EC0
