0000
0000
0000
0000
0000
0000
0000
0000
0000
0000
0000
0000
0000
0000
0000
0000
0000
0000
0000
0000
0000
0000
0000
0000
0000
0000
0000
0000
0000
0000
0000
0000
0000
0000
0000
0000
0000
0000
0000
0000
0000
0000
0000
0000
0000
0000
0000
0000
0000
0000
0000
0000
0000
0000
0000
0000
0000
0000
0000
0000
0000
0000
0000
0000
0000
0000
0000
0000
0000
0000
0000
0000
0000
0000
0000
0000
0000
0000
0000
0000
0000
0000
0000
0000
0000
0000
0000
0000
0000
0000
0000
0000
0000
0000
0000
0000
0000
0000
0000
0000
0000
0000
0000
0000
0000
0000
0000
0000
0000
0000
0000
0000
0000
0000
0000
0000
0000
0000
0000
0000
0000
0000
0000
0000
0000
0000
0000
0000
0000
0000
0000
0000
0000
0000
0000
0000
0000
0000
0000
0000
0000
0000
0000
0000
0000
0000
0000
0000
0000
0000
0000
0000
0000
0000
0000
0000
0000
0000
0000
0000
0000
0000
0000
0000
0000
0000
0000
0000
0000
0000
0000
0000
0000
0000
0000
0000
0000
0000
0000
0000
0000
0000
0000
0000
0000
0000
0000
0000
0000
0000
0000
0040
4A7F
4A7E
4A7D
4A7C
4A7B
4A7A
4A79
4A78
4A77
4A76
4A75
4A74
4A73
4A72
4A71
4A70
4A6F
4A6E
4A6D
4A6C
4A6B
4A6A
4A69
4A68
4A67
4A66
4A65
4A64
4A63
4A62
4A61
4A60
4A5F
4A5E
4A5D
4A5C
4A5B
4A5A
4A59
4A58
4A57
4A56
4A55
4A54
4A53
4A52
4A51
4A50
4A4F
4A4E
4A4D
4A4C
4A4B
4A4A
4A49
4A48
4A47
4A46
4A45
4A44
4A43
4A42
4A41
4A40
