0000
0000
0000
0000
0000
0000
0000
0000
0000
0000
0000
0000
0000
0000
0000
0000
0000
0000
0000
0000
0000
0000
0000
0000
0000
0000
0000
0000
0000
0000
0000
0000
0000
0000
0000
0000
0000
0000
0000
0000
0000
0000
0000
0000
0000
0000
0000
0000
0000
0000
0000
0000
0000
0000
0000
0000
0000
0000
0000
0000
0000
0000
0000
0000
0000
0000
0000
0000
0000
0000
0000
0000
0000
0000
0000
0000
0000
0000
0000
0000
0000
0000
0000
0000
0000
0000
0000
0000
0000
0000
0000
0000
0000
0000
0000
0000
0000
0000
0000
0000
0000
0000
0000
0000
0000
0000
0000
0000
0000
0000
0000
0000
0000
0000
0000
0000
0000
0000
0000
0000
0000
0000
0000
0000
0000
0000
0000
0000
0000
0000
0000
0000
0000
0000
0000
0000
0000
0000
0000
0000
0000
0000
0000
0000
0000
0000
0000
0000
0000
0000
0000
0000
0000
0000
0000
0000
0000
0000
0000
0000
0000
0000
0000
0000
0000
0000
0000
0000
0000
0000
0000
0000
0000
0000
0000
0000
0000
0000
0000
0000
0000
0000
0000
0000
0000
0000
0000
0000
0000
0000
0000
0040
4DFF
4DFE
4DFD
4DFC
4DFB
4DFA
4DF9
4DF8
4DF7
4DF6
4DF5
4DF4
4DF3
4DF2
4DF1
4DF0
4DEF
4DEE
4DED
4DEC
4DEB
4DEA
4DE9
4DE8
4DE7
4DE6
4DE5
4DE4
4DE3
4DE2
4DE1
4DE0
4DDF
4DDE
4DDD
4DDC
4DDB
4DDA
4DD9
4DD8
4DD7
4DD6
4DD5
4DD4
4DD3
4DD2
4DD1
4DD0
4DCF
4DCE
4DCD
4DCC
4DCB
4DCA
4DC9
4DC8
4DC7
4DC6
4DC5
4DC4
4DC3
4DC2
4DC1
4DC0
