0000
0000
0000
0000
0000
0000
0000
0000
0000
0000
0000
0000
0000
0000
0000
0000
0000
0000
0000
0000
0000
0000
0000
0000
0000
0000
0000
0000
0000
0000
0000
0000
0000
0000
0000
0000
0000
0000
0000
0000
0000
0000
0000
0000
0000
0000
0000
0000
0000
0000
0000
0000
0000
0000
0000
0000
0000
0000
0000
0000
0000
0000
0000
0000
0000
0000
0000
0000
0000
0000
0000
0000
0000
0000
0000
0000
0000
0000
0000
0000
0000
0000
0000
0000
0000
0000
0000
0000
0000
0000
0000
0000
0000
0000
0000
0000
0000
0000
0000
0000
0000
0000
0000
0000
0000
0000
0000
0000
0000
0000
0000
0000
0000
0000
0000
0000
0000
0000
0000
0000
0000
0000
0000
0000
0000
0000
0000
0000
0000
0000
0000
0000
0000
0000
0000
0000
0000
0000
0000
0000
0000
0000
0000
0000
0000
0000
0000
0000
0000
0000
0000
0000
0000
0000
0000
0000
0000
0000
0000
0000
0000
0000
0000
0000
0000
0000
0000
0000
0000
0000
0000
0000
0000
0000
0000
0000
0000
0000
0000
0000
0000
0000
0000
0000
0000
0000
0000
0000
0000
0000
0000
0040
17FF
17FE
17FD
17FC
17FB
17FA
17F9
17F8
17F7
17F6
17F5
17F4
17F3
17F2
17F1
17F0
17EF
17EE
17ED
17EC
17EB
17EA
17E9
17E8
17E7
17E6
17E5
17E4
17E3
17E2
17E1
17E0
17DF
17DE
17DD
17DC
17DB
17DA
17D9
17D8
17D7
17D6
17D5
17D4
17D3
17D2
17D1
17D0
17CF
17CE
17CD
17CC
17CB
17CA
17C9
17C8
17C7
17C6
17C5
17C4
17C3
17C2
17C1
17C0
