0000
0000
0000
0000
0000
0000
0000
0000
0000
0000
0000
0000
0000
0000
0000
0000
0000
0000
0000
0000
0000
0000
0000
0000
0000
0000
0000
0000
0000
0000
0000
0000
0000
0000
0000
0000
0000
0000
0000
0000
0000
0000
0000
0000
0000
0000
0000
0000
0000
0000
0000
0000
0000
0000
0000
0000
0000
0000
0000
0000
0000
0000
0000
0000
0000
0000
0000
0000
0000
0000
0000
0000
0000
0000
0000
0000
0000
0000
0000
0000
0000
0000
0000
0000
0000
0000
0000
0000
0000
0000
0000
0000
0000
0000
0000
0000
0000
0000
0000
0000
0000
0000
0000
0000
0000
0000
0000
0000
0000
0000
0000
0000
0000
0000
0000
0000
0000
0000
0000
0000
0000
0000
0000
0000
0000
0000
0000
0000
0000
0000
0000
0000
0000
0000
0000
0000
0000
0000
0000
0000
0000
0000
0000
0000
0000
0000
0000
0000
0000
0000
0000
0000
0000
0000
0000
0000
0000
0000
0000
0000
0000
0000
0000
0000
0000
0000
0000
0000
0000
0000
0000
0000
0000
0000
0000
0000
0000
0000
0000
0000
0000
0000
0000
0000
0000
0000
0000
0000
0000
0000
0000
0040
4D7F
4D7E
4D7D
4D7C
4D7B
4D7A
4D79
4D78
4D77
4D76
4D75
4D74
4D73
4D72
4D71
4D70
4D6F
4D6E
4D6D
4D6C
4D6B
4D6A
4D69
4D68
4D67
4D66
4D65
4D64
4D63
4D62
4D61
4D60
4D5F
4D5E
4D5D
4D5C
4D5B
4D5A
4D59
4D58
4D57
4D56
4D55
4D54
4D53
4D52
4D51
4D50
4D4F
4D4E
4D4D
4D4C
4D4B
4D4A
4D49
4D48
4D47
4D46
4D45
4D44
4D43
4D42
4D41
4D40
