0000
0001
0001
0001
0001
07E4
000C
000E
0006
001E
07E5
0002
000E
0013
0014
0000
0000
0001
0804
0000
0000
0000
0000
0000
0000
0000
0000
0000
7071
7273
7989
7A84
0001
0001
0001
0001
0001
07E4
000C
0019
0008
000A
07E5
0002
0011
0015
0020
0000
0000
0001
0805
0000
0000
0000
0000
0000
0000
0000
0000
0000
7071
7273
797A
7B7C
0002
0001
0001
0001
0001
07E5
0001
0001
000C
002B
07E5
0003
0001
0011
0026
0000
0000
0001
0806
0000
0000
0000
0000
0000
0000
0000
0000
0000
8F90
7A86
8788
898A
0003
0002
0001
0001
0001
07E5
0002
0011
0008
001E
07E5
0003
0007
0016
002F
0000
0000
0005
0807
0808
0809
080A
080B
0000
0000
0000
0000
0000
0109
0201
0801
0001
0004
0003
0001
0001
0001
07E5
0003
0002
000E
001E
07E5
0003
001D
000A
000B
0000
0000
0001
080C
0000
0000
0000
0000
0000
0000
0000
0000
0000
0004
0000
0001
0000
0005
0003
0001
0001
0001
07E5
0003
0002
000E
001E
07E5
0003
001D
000A
000B
0000
0000
0001
080D
0000
0000
0000
0000
0000
0000
0000
0000
0000
0005
0000
0001
0000
0006
0003
0001
0001
0001
07E5
0003
0002
000E
001E
07E5
0003
001D
000A
000B
0000
0000
0001
080E
0000
0000
0000
0000
0000
0000
0000
0000
0000
0006
0000
0001
0000
0007
0003
0001
0001
0001
07E5
0003
0002
000E
001E
07E5
0003
001D
000A
000B
0000
0000
0001
080F
0000
0000
0000
0000
0000
0000
0000
0000
0000
3314
2518
1214
6B03
