0008
0003
0001
0001
0001
07E5
0003
0002
000E
001E
07E5
0003
001D
000A
000B
0000
0000
0001
0810
0000
0000
0000
0000
0000
0000
0000
0000
0000
0008
0000
0001
0000
0009
0003
0001
0001
0001
07E5
0003
0002
000E
001E
07E5
0003
001D
000A
000B
0000
0000
0001
0811
0000
0000
0000
0000
0000
0000
0000
0000
0000
0009
0000
0001
0000
000A
0001
0001
0001
0001
07E5
0003
0002
000E
001E
07E5
0003
001D
000A
000B
0000
0000
0001
0812
0000
0000
0000
0000
0000
0000
0000
0000
0000
000A
0000
0001
0000
000B
0002
0001
0001
0001
07E5
0003
0002
000E
001E
07E5
0003
001D
000A
000B
0000
0000
0001
0813
0000
0000
0000
0000
0000
0000
0000
0000
0000
000B
0000
0001
0000
000C
0002
0001
0001
0001
07E5
0003
0002
000E
001E
07E5
0003
001D
000A
000B
0000
0000
0001
0814
0000
0000
0000
0000
0000
0000
0000
0000
0000
000C
0000
0001
0000
0001
0000
0003
0000
000E
0000
07E5
0000
001D
0000
000B
0000
0000
0000
0814
0000
2314
0000
6B01
0000
0000
0000
0000
0000
0000
0000
0000
0000
0000
0000
0000
0000
0000
0000
0000
0000
0000
0000
0000
0000
0000
0000
0000
0000
0000
0000
0000
0000
0000
0000
0000
0000
0000
0000
0000
0000
0000
0000
0000
0000
0000
0000
0000
0000
0000
0000
0000
0000
0000
0000
0000
0000
0000
0000
0000
0000
0000
0000
0000
0000
0000
0000
0000
0000
0000
0000
0000
0000
0000
0000
0000
0000
0000
0000
0000
0000
