0000
0000
0000
0000
0000
0000
0000
0000
0000
0000
0000
0000
0000
0000
0000
0000
0000
0000
0000
0000
0000
0000
0000
0000
0000
0000
0000
0000
0000
0000
0000
0000
0000
0000
0000
0000
0000
0000
0000
0000
0000
0000
0000
0000
0000
0000
0000
0000
0000
0000
0000
0000
0000
0000
0000
0000
0000
0000
0000
0000
0000
0000
0000
0000
0000
0000
0000
0000
0000
0000
0000
0000
0000
0000
0000
0000
0000
0000
0000
0000
0000
0000
0000
0000
0000
0000
0000
0000
0000
0000
0000
0000
0000
0000
0000
0000
0000
0000
0000
0000
0000
0000
0000
0000
0000
0000
0000
0000
0000
0000
0000
0000
0000
0000
0000
0000
0000
0000
0000
0000
0000
0000
0000
0000
0000
0000
0000
0000
0000
0000
0000
0000
0000
0000
0000
0000
0000
0000
0000
0000
0000
0000
0000
0000
0000
0000
0000
0000
0000
0000
0000
0000
0000
0000
0000
0000
0000
0000
0000
0000
0000
0000
0000
0000
0000
0000
0000
0000
0000
0000
0000
0000
0000
0000
0000
0000
0000
0000
0000
0000
0000
0000
0000
0000
0000
0000
0000
0000
0000
0000
0000
0040
39FF
39FE
39FD
39FC
39FB
39FA
39F9
39F8
39F7
39F6
39F5
39F4
39F3
39F2
39F1
39F0
39EF
39EE
39ED
39EC
39EB
39EA
39E9
39E8
39E7
39E6
39E5
39E4
39E3
39E2
39E1
39E0
39DF
39DE
39DD
39DC
39DB
39DA
39D9
39D8
39D7
39D6
39D5
39D4
39D3
39D2
39D1
39D0
39CF
39CE
39CD
39CC
39CB
39CA
39C9
39C8
39C7
39C6
39C5
39C4
39C3
39C2
39C1
39C0
