0000
0000
0000
0000
0000
0000
0000
0000
0000
0000
0000
0000
0000
0000
0000
0000
0000
0000
0000
0000
0000
0000
0000
0000
0000
0000
0000
0000
0000
0000
0000
0000
0000
0000
0000
0000
0000
0000
0000
0000
0000
0000
0000
0000
0000
0000
0000
0000
0000
0000
0000
0000
0000
0000
0000
0000
0000
0000
0000
0000
0000
0000
0000
0000
0000
0000
0000
0000
0000
0000
0000
0000
0000
0000
0000
0000
0000
0000
0000
0000
0000
0000
0000
0000
0000
0000
0000
0000
0000
0000
0000
0000
0000
0000
0000
0000
0000
0000
0000
0000
0000
0000
0000
0000
0000
0000
0000
0000
0000
0000
0000
0000
0000
0000
0000
0000
0000
0000
0000
0000
0000
0000
0000
0000
0000
0000
0000
0000
0000
0000
0000
0000
0000
0000
0000
0000
0000
0000
0000
0000
0000
0000
0000
0000
0000
0000
0000
0000
0000
0000
0000
0000
0000
0000
0000
0000
0000
0000
0000
0000
0000
0000
0000
0000
0000
0000
0000
0000
0000
0000
0000
0000
0000
0000
0000
0000
0000
0000
0000
0000
0000
0000
0000
0000
0000
0000
0000
0000
0000
0000
0000
0040
33FF
33FE
33FD
33FC
33FB
33FA
33F9
33F8
33F7
33F6
33F5
33F4
33F3
33F2
33F1
33F0
33EF
33EE
33ED
33EC
33EB
33EA
33E9
33E8
33E7
33E6
33E5
33E4
33E3
33E2
33E1
33E0
33DF
33DE
33DD
33DC
33DB
33DA
33D9
33D8
33D7
33D6
33D5
33D4
33D3
33D2
33D1
33D0
33CF
33CE
33CD
33CC
33CB
33CA
33C9
33C8
33C7
33C6
33C5
33C4
33C3
33C2
33C1
33C0
