0000
0000
0000
0000
0000
0000
0000
0000
0000
0000
0000
0000
0000
0000
0000
0000
0000
0000
0000
0000
0000
0000
0000
0000
0000
0000
0000
0000
0000
0000
0000
0000
0000
0000
0000
0000
0000
0000
0000
0000
0000
0000
0000
0000
0000
0000
0000
0000
0000
0000
0000
0000
0000
0000
0000
0000
0000
0000
0000
0000
0000
0000
0000
0000
0000
0000
0000
0000
0000
0000
0000
0000
0000
0000
0000
0000
0000
0000
0000
0000
0000
0000
0000
0000
0000
0000
0000
0000
0000
0000
0000
0000
0000
0000
0000
0000
0000
0000
0000
0000
0000
0000
0000
0000
0000
0000
0000
0000
0000
0000
0000
0000
0000
0000
0000
0000
0000
0000
0000
0000
0000
0000
0000
0000
0000
0000
0000
0000
0000
0000
0000
0000
0000
0000
0000
0000
0000
0000
0000
0000
0000
0000
0000
0000
0000
0000
0000
0000
0000
0000
0000
0000
0000
0000
0000
0000
0000
0000
0000
0000
0000
0000
0000
0000
0000
0000
0000
0000
0000
0000
0000
0000
0000
0000
0000
0000
0000
0000
0000
0000
0000
0000
0000
0000
0000
0000
0000
0000
0000
0000
0000
0040
1CBF
1CBE
1CBD
1CBC
1CBB
1CBA
1CB9
1CB8
1CB7
1CB6
1CB5
1CB4
1CB3
1CB2
1CB1
1CB0
1CAF
1CAE
1CAD
1CAC
1CAB
1CAA
1CA9
1CA8
1CA7
1CA6
1CA5
1CA4
1CA3
1CA2
1CA1
1CA0
1C9F
1C9E
1C9D
1C9C
1C9B
1C9A
1C99
1C98
1C97
1C96
1C95
1C94
1C93
1C92
1C91
1C90
1C8F
1C8E
1C8D
1C8C
1C8B
1C8A
1C89
1C88
1C87
1C86
1C85
1C84
1C83
1C82
1C81
1C80
