0000
0000
0000
0000
0000
0000
0000
0000
0000
0000
0000
0000
0000
0000
0000
0000
0000
0000
0000
0000
0000
0000
0000
0000
0000
0000
0000
0000
0000
0000
0000
0000
0000
0000
0000
0000
0000
0000
0000
0000
0000
0000
0000
0000
0000
0000
0000
0000
0000
0000
0000
0000
0000
0000
0000
0000
0000
0000
0000
0000
0000
0000
0000
0000
0000
0000
0000
0000
0000
0000
0000
0000
0000
0000
0000
0000
0000
0000
0000
0000
0000
0000
0000
0000
0000
0000
0000
0000
0000
0000
0000
0000
0000
0000
0000
0000
0000
0000
0000
0000
0000
0000
0000
0000
0000
0000
0000
0000
0000
0000
0000
0000
0000
0000
0000
0000
0000
0000
0000
0000
0000
0000
0000
0000
0000
0000
0000
0000
0000
0000
0000
0000
0000
0000
0000
0000
0000
0000
0000
0000
0000
0000
0000
0000
0000
0000
0000
0000
0000
0000
0000
0000
0000
0000
0000
0000
0000
0000
0000
0000
0000
0000
0000
0000
0000
0000
0000
0000
0000
0000
0000
0000
0000
0000
0000
0000
0000
0000
0000
0000
0000
0000
0000
0000
0000
0000
0000
0000
0000
0000
0000
0040
3A7F
3A7E
3A7D
3A7C
3A7B
3A7A
3A79
3A78
3A77
3A76
3A75
3A74
3A73
3A72
3A71
3A70
3A6F
3A6E
3A6D
3A6C
3A6B
3A6A
3A69
3A68
3A67
3A66
3A65
3A64
3A63
3A62
3A61
3A60
3A5F
3A5E
3A5D
3A5C
3A5B
3A5A
3A59
3A58
3A57
3A56
3A55
3A54
3A53
3A52
3A51
3A50
3A4F
3A4E
3A4D
3A4C
3A4B
3A4A
3A49
3A48
3A47
3A46
3A45
3A44
3A43
3A42
3A41
3A40
