0000
0000
0000
0000
0000
0000
0000
0000
0000
0000
0000
0000
0000
0000
0000
0000
0000
0000
0000
0000
0000
0000
0000
0000
0000
0000
0000
0000
0000
0000
0000
0000
0000
0000
0000
0000
0000
0000
0000
0000
0000
0000
0000
0000
0000
0000
0000
0000
0000
0000
0000
0000
0000
0000
0000
0000
0000
0000
0000
0000
0000
0000
0000
0000
0000
0000
0000
0000
0000
0000
0000
0000
0000
0000
0000
0000
0000
0000
0000
0000
0000
0000
0000
0000
0000
0000
0000
0000
0000
0000
0000
0000
0000
0000
0000
0000
0000
0000
0000
0000
0000
0000
0000
0000
0000
0000
0000
0000
0000
0000
0000
0000
0000
0000
0000
0000
0000
0000
0000
0000
0000
0000
0000
0000
0000
0000
0000
0000
0000
0000
0000
0000
0000
0000
0000
0000
0000
0000
0000
0000
0000
0000
0000
0000
0000
0000
0000
0000
0000
0000
0000
0000
0000
0000
0000
0000
0000
0000
0000
0000
0000
0000
0000
0000
0000
0000
0000
0000
0000
0000
0000
0000
0000
0000
0000
0000
0000
0000
0000
0000
0000
0000
0000
0000
0000
0000
0000
0000
0000
0000
0000
0040
1E7F
1E7E
1E7D
1E7C
1E7B
1E7A
1E79
1E78
1E77
1E76
1E75
1E74
1E73
1E72
1E71
1E70
1E6F
1E6E
1E6D
1E6C
1E6B
1E6A
1E69
1E68
1E67
1E66
1E65
1E64
1E63
1E62
1E61
1E60
1E5F
1E5E
1E5D
1E5C
1E5B
1E5A
1E59
1E58
1E57
1E56
1E55
1E54
1E53
1E52
1E51
1E50
1E4F
1E4E
1E4D
1E4C
1E4B
1E4A
1E49
1E48
1E47
1E46
1E45
1E44
1E43
1E42
1E41
1E40
