0000
0000
0000
0000
0000
0000
0000
0000
0000
0000
0000
0000
0000
0000
0000
0000
0000
0000
0000
0000
0000
0000
0000
0000
0000
0000
0000
0000
0000
0000
0000
0000
0000
0000
0000
0000
0000
0000
0000
0000
0000
0000
0000
0000
0000
0000
0000
0000
0000
0000
0000
0000
0000
0000
0000
0000
0000
0000
0000
0000
0000
0000
0000
0000
0000
0000
0000
0000
0000
0000
0000
0000
0000
0000
0000
0000
0000
0000
0000
0000
0000
0000
0000
0000
0000
0000
0000
0000
0000
0000
0000
0000
0000
0000
0000
0000
0000
0000
0000
0000
0000
0000
0000
0000
0000
0000
0000
0000
0000
0000
0000
0000
0000
0000
0000
0000
0000
0000
0000
0000
0000
0000
0000
0000
0000
0000
0000
0000
0000
0000
0000
0000
0000
0000
0000
0000
0000
0000
0000
0000
0000
0000
0000
0000
0000
0000
0000
0000
0000
0000
0000
0000
0000
0000
0000
0000
0000
0000
0000
0000
0000
0000
0000
0000
0000
0000
0000
0000
0000
0000
0000
0000
0000
0000
0000
0000
0000
0000
0000
0000
0000
0000
0000
0000
0000
0000
0000
0000
0000
0000
0000
0040
0EBF
0EBE
0EBD
0EBC
0EBB
0EBA
0EB9
0EB8
0EB7
0EB6
0EB5
0EB4
0EB3
0EB2
0EB1
0EB0
0EAF
0EAE
0EAD
0EAC
0EAB
0EAA
0EA9
0EA8
0EA7
0EA6
0EA5
0EA4
0EA3
0EA2
0EA1
0EA0
0E9F
0E9E
0E9D
0E9C
0E9B
0E9A
0E99
0E98
0E97
0E96
0E95
0E94
0E93
0E92
0E91
0E90
0E8F
0E8E
0E8D
0E8C
0E8B
0E8A
0E89
0E88
0E87
0E86
0E85
0E84
0E83
0E82
0E81
0E80
