0000
0000
0000
0000
0000
0000
0000
0000
0000
0000
0000
0000
0000
0000
0000
0000
0000
0000
0000
0000
0000
0000
0000
0000
0000
0000
0000
0000
0000
0000
0000
0000
0000
0000
0000
0000
0000
0000
0000
0000
0000
0000
0000
0000
0000
0000
0000
0000
0000
0000
0000
0000
0000
0000
0000
0000
0000
0000
0000
0000
0000
0000
0000
0000
0000
0000
0000
0000
0000
0000
0000
0000
0000
0000
0000
0000
0000
0000
0000
0000
0000
0000
0000
0000
0000
0000
0000
0000
0000
0000
0000
0000
0000
0000
0000
0000
0000
0000
0000
0000
0000
0000
0000
0000
0000
0000
0000
0000
0000
0000
0000
0000
0000
0000
0000
0000
0000
0000
0000
0000
0000
0000
0000
0000
0000
0000
0000
0000
0000
0000
0000
0000
0000
0000
0000
0000
0000
0000
0000
0000
0000
0000
0000
0000
0000
0000
0000
0000
0000
0000
0000
0000
0000
0000
0000
0000
0000
0000
0000
0000
0000
0000
0000
0000
0000
0000
0000
0000
0000
0000
0000
0000
0000
0000
0000
0000
0000
0000
0000
0000
0000
0000
0000
0000
0000
0000
0000
0000
0000
0000
0000
0040
2CBF
2CBE
2CBD
2CBC
2CBB
2CBA
2CB9
2CB8
2CB7
2CB6
2CB5
2CB4
2CB3
2CB2
2CB1
2CB0
2CAF
2CAE
2CAD
2CAC
2CAB
2CAA
2CA9
2CA8
2CA7
2CA6
2CA5
2CA4
2CA3
2CA2
2CA1
2CA0
2C9F
2C9E
2C9D
2C9C
2C9B
2C9A
2C99
2C98
2C97
2C96
2C95
2C94
2C93
2C92
2C91
2C90
2C8F
2C8E
2C8D
2C8C
2C8B
2C8A
2C89
2C88
2C87
2C86
2C85
2C84
2C83
2C82
2C81
2C80
