0000
0000
0000
0000
0000
0000
0000
0000
0000
0000
0000
0000
0000
0000
0000
0000
0000
0000
0000
0000
0000
0000
0000
0000
0000
0000
0000
0000
0000
0000
0000
0000
0000
0000
0000
0000
0000
0000
0000
0000
0000
0000
0000
0000
0000
0000
0000
0000
0000
0000
0000
0000
0000
0000
0000
0000
0000
0000
0000
0000
0000
0000
0000
0000
0000
0000
0000
0000
0000
0000
0000
0000
0000
0000
0000
0000
0000
0000
0000
0000
0000
0000
0000
0000
0000
0000
0000
0000
0000
0000
0000
0000
0000
0000
0000
0000
0000
0000
0000
0000
0000
0000
0000
0000
0000
0000
0000
0000
0000
0000
0000
0000
0000
0000
0000
0000
0000
0000
0000
0000
0000
0000
0000
0000
0000
0000
0000
0000
0000
0000
0000
0000
0000
0000
0000
0000
0000
0000
0000
0000
0000
0000
0000
0000
0000
0000
0000
0000
0000
0000
0000
0000
0000
0000
0000
0000
0000
0000
0000
0000
0000
0000
0000
0000
0000
0000
0000
0000
0000
0000
0000
0000
0000
0000
0000
0000
0000
0000
0000
0000
0000
0000
0000
0000
0000
0000
0000
0000
0000
0000
0000
0040
4CFF
4CFE
4CFD
4CFC
4CFB
4CFA
4CF9
4CF8
4CF7
4CF6
4CF5
4CF4
4CF3
4CF2
4CF1
4CF0
4CEF
4CEE
4CED
4CEC
4CEB
4CEA
4CE9
4CE8
4CE7
4CE6
4CE5
4CE4
4CE3
4CE2
4CE1
4CE0
4CDF
4CDE
4CDD
4CDC
4CDB
4CDA
4CD9
4CD8
4CD7
4CD6
4CD5
4CD4
4CD3
4CD2
4CD1
4CD0
4CCF
4CCE
4CCD
4CCC
4CCB
4CCA
4CC9
4CC8
4CC7
4CC6
4CC5
4CC4
4CC3
4CC2
4CC1
4CC0
