0000
0000
0000
0000
0000
0000
0000
0000
0000
0000
0000
0000
0000
0000
0000
0000
0000
0000
0000
0000
0000
0000
0000
0000
0000
0000
0000
0000
0000
0000
0000
0000
0000
0000
0000
0000
0000
0000
0000
0000
0000
0000
0000
0000
0000
0000
0000
0000
0000
0000
0000
0000
0000
0000
0000
0000
0000
0000
0000
0000
0000
0000
0000
0000
0000
0000
0000
0000
0000
0000
0000
0000
0000
0000
0000
0000
0000
0000
0000
0000
0000
0000
0000
0000
0000
0000
0000
0000
0000
0000
0000
0000
0000
0000
0000
0000
0000
0000
0000
0000
0000
0000
0000
0000
0000
0000
0000
0000
0000
0000
0000
0000
0000
0000
0000
0000
0000
0000
0000
0000
0000
0000
0000
0000
0000
0000
0000
0000
0000
0000
0000
0000
0000
0000
0000
0000
0000
0000
0000
0000
0000
0000
0000
0000
0000
0000
0000
0000
0000
0000
0000
0000
0000
0000
0000
0000
0000
0000
0000
0000
0000
0000
0000
0000
0000
0000
0000
0000
0000
0000
0000
0000
0000
0000
0000
0000
0000
0000
0000
0000
0000
0000
0000
0000
0000
0000
0000
0000
0000
0000
0000
0040
3DFF
3DFE
3DFD
3DFC
3DFB
3DFA
3DF9
3DF8
3DF7
3DF6
3DF5
3DF4
3DF3
3DF2
3DF1
3DF0
3DEF
3DEE
3DED
3DEC
3DEB
3DEA
3DE9
3DE8
3DE7
3DE6
3DE5
3DE4
3DE3
3DE2
3DE1
3DE0
3DDF
3DDE
3DDD
3DDC
3DDB
3DDA
3DD9
3DD8
3DD7
3DD6
3DD5
3DD4
3DD3
3DD2
3DD1
3DD0
3DCF
3DCE
3DCD
3DCC
3DCB
3DCA
3DC9
3DC8
3DC7
3DC6
3DC5
3DC4
3DC3
3DC2
3DC1
3DC0
