0000
0000
0000
0000
0000
0000
0000
0000
0000
0000
0000
0000
0000
0000
0000
0000
0000
0000
0000
0000
0000
0000
0000
0000
0000
0000
0000
0000
0000
0000
0000
0000
0000
0000
0000
0000
0000
0000
0000
0000
0000
0000
0000
0000
0000
0000
0000
0000
0000
0000
0000
0000
0000
0000
0000
0000
0000
0000
0000
0000
0000
0000
0000
0000
0000
0000
0000
0000
0000
0000
0000
0000
0000
0000
0000
0000
0000
0000
0000
0000
0000
0000
0000
0000
0000
0000
0000
0000
0000
0000
0000
0000
0000
0000
0000
0000
0000
0000
0000
0000
0000
0000
0000
0000
0000
0000
0000
0000
0000
0000
0000
0000
0000
0000
0000
0000
0000
0000
0000
0000
0000
0000
0000
0000
0000
0000
0000
0000
0000
0000
0000
0000
0000
0000
0000
0000
0000
0000
0000
0000
0000
0000
0000
0000
0000
0000
0000
0000
0000
0000
0000
0000
0000
0000
0000
0000
0000
0000
0000
0000
0000
0000
0000
0000
0000
0000
0000
0000
0000
0000
0000
0000
0000
0000
0000
0000
0000
0000
0000
0000
0000
0000
0000
0000
0000
0000
0000
0000
0000
0000
0000
0040
0C7F
0C7E
0C7D
0C7C
0C7B
0C7A
0C79
0C78
0C77
0C76
0C75
0C74
0C73
0C72
0C71
0C70
0C6F
0C6E
0C6D
0C6C
0C6B
0C6A
0C69
0C68
0C67
0C66
0C65
0C64
0C63
0C62
0C61
0C60
0C5F
0C5E
0C5D
0C5C
0C5B
0C5A
0C59
0C58
0C57
0C56
0C55
0C54
0C53
0C52
0C51
0C50
0C4F
0C4E
0C4D
0C4C
0C4B
0C4A
0C49
0C48
0C47
0C46
0C45
0C44
0C43
0C42
0C41
0C40
