0000
0000
0000
0000
0000
0000
0000
0000
0000
0000
0000
0000
0000
0000
0000
0000
0000
0000
0000
0000
0000
0000
0000
0000
0000
0000
0000
0000
0000
0000
0000
0000
0000
0000
0000
0000
0000
0000
0000
0000
0000
0000
0000
0000
0000
0000
0000
0000
0000
0000
0000
0000
0000
0000
0000
0000
0000
0000
0000
0000
0000
0000
0000
0000
0000
0000
0000
0000
0000
0000
0000
0000
0000
0000
0000
0000
0000
0000
0000
0000
0000
0000
0000
0000
0000
0000
0000
0000
0000
0000
0000
0000
0000
0000
0000
0000
0000
0000
0000
0000
0000
0000
0000
0000
0000
0000
0000
0000
0000
0000
0000
0000
0000
0000
0000
0000
0000
0000
0000
0000
0000
0000
0000
0000
0000
0000
0000
0000
0000
0000
0000
0000
0000
0000
0000
0000
0000
0000
0000
0000
0000
0000
0000
0000
0000
0000
0000
0000
0000
0000
0000
0000
0000
0000
0000
0000
0000
0000
0000
0000
0000
0000
0000
0000
0000
0000
0000
0000
0000
0000
0000
0000
0000
0000
0000
0000
0000
0000
0000
0000
0000
0000
0000
0000
0000
0000
0000
0000
0000
0000
0000
0040
4E3F
4E3E
4E3D
4E3C
4E3B
4E3A
4E39
4E38
4E37
4E36
4E35
4E34
4E33
4E32
4E31
4E30
4E2F
4E2E
4E2D
4E2C
4E2B
4E2A
4E29
4E28
4E27
4E26
4E25
4E24
4E23
4E22
4E21
4E20
4E1F
4E1E
4E1D
4E1C
4E1B
4E1A
4E19
4E18
4E17
4E16
4E15
4E14
4E13
4E12
4E11
4E10
4E0F
4E0E
4E0D
4E0C
4E0B
4E0A
4E09
4E08
4E07
4E06
4E05
4E04
4E03
4E02
4E01
4E00
