0000
0000
0000
0000
0000
0000
0000
0000
0000
0000
0000
0000
0000
0000
0000
0000
0000
0000
0000
0000
0000
0000
0000
0000
0000
0000
0000
0000
0000
0000
0000
0000
0000
0000
0000
0000
0000
0000
0000
0000
0000
0000
0000
0000
0000
0000
0000
0000
0000
0000
0000
0000
0000
0000
0000
0000
0000
0000
0000
0000
0000
0000
0000
0000
0000
0000
0000
0000
0000
0000
0000
0000
0000
0000
0000
0000
0000
0000
0000
0000
0000
0000
0000
0000
0000
0000
0000
0000
0000
0000
0000
0000
0000
0000
0000
0000
0000
0000
0000
0000
0000
0000
0000
0000
0000
0000
0000
0000
0000
0000
0000
0000
0000
0000
0000
0000
0000
0000
0000
0000
0000
0000
0000
0000
0000
0000
0000
0000
0000
0000
0000
0000
0000
0000
0000
0000
0000
0000
0000
0000
0000
0000
0000
0000
0000
0000
0000
0000
0000
0000
0000
0000
0000
0000
0000
0000
0000
0000
0000
0000
0000
0000
0000
0000
0000
0000
0000
0000
0000
0000
0000
0000
0000
0000
0000
0000
0000
0000
0000
0000
0000
0000
0000
0000
0000
0000
0000
0000
0000
0000
0000
0040
0D7F
0D7E
0D7D
0D7C
0D7B
0D7A
0D79
0D78
0D77
0D76
0D75
0D74
0D73
0D72
0D71
0D70
0D6F
0D6E
0D6D
0D6C
0D6B
0D6A
0D69
0D68
0D67
0D66
0D65
0D64
0D63
0D62
0D61
0D60
0D5F
0D5E
0D5D
0D5C
0D5B
0D5A
0D59
0D58
0D57
0D56
0D55
0D54
0D53
0D52
0D51
0D50
0D4F
0D4E
0D4D
0D4C
0D4B
0D4A
0D49
0D48
0D47
0D46
0D45
0D44
0D43
0D42
0D41
0D40
