0000
0000
0000
0000
0000
0000
0000
0000
0000
0000
0000
0000
0000
0000
0000
0000
0000
0000
0000
0000
0000
0000
0000
0000
0000
0000
0000
0000
0000
0000
0000
0000
0000
0000
0000
0000
0000
0000
0000
0000
0000
0000
0000
0000
0000
0000
0000
0000
0000
0000
0000
0000
0000
0000
0000
0000
0000
0000
0000
0000
0000
0000
0000
0000
0000
0000
0000
0000
0000
0000
0000
0000
0000
0000
0000
0000
0000
0000
0000
0000
0000
0000
0000
0000
0000
0000
0000
0000
0000
0000
0000
0000
0000
0000
0000
0000
0000
0000
0000
0000
0000
0000
0000
0000
0000
0000
0000
0000
0000
0000
0000
0000
0000
0000
0000
0000
0000
0000
0000
0000
0000
0000
0000
0000
0000
0000
0000
0000
0000
0000
0000
0000
0000
0000
0000
0000
0000
0000
0000
0000
0000
0000
0000
0000
0000
0000
0000
0000
0000
0000
0000
0000
0000
0000
0000
0000
0000
0000
0000
0000
0000
0000
0000
0000
0000
0000
0000
0000
0000
0000
0000
0000
0000
0000
0000
0000
0000
0000
0000
0000
0000
0000
0000
0000
0000
0000
0000
0000
0000
0000
0000
0040
3E3F
3E3E
3E3D
3E3C
3E3B
3E3A
3E39
3E38
3E37
3E36
3E35
3E34
3E33
3E32
3E31
3E30
3E2F
3E2E
3E2D
3E2C
3E2B
3E2A
3E29
3E28
3E27
3E26
3E25
3E24
3E23
3E22
3E21
3E20
3E1F
3E1E
3E1D
3E1C
3E1B
3E1A
3E19
3E18
3E17
3E16
3E15
3E14
3E13
3E12
3E11
3E10
3E0F
3E0E
3E0D
3E0C
3E0B
3E0A
3E09
3E08
3E07
3E06
3E05
3E04
3E03
3E02
3E01
3E00
