0000
0000
0000
0000
0000
0000
0000
0000
0000
0000
0000
0000
0000
0000
0000
0000
0000
0000
0000
0000
0000
0000
0000
0000
0000
0000
0000
0000
0000
0000
0000
0000
0000
0000
0000
0000
0000
0000
0000
0000
0000
0000
0000
0000
0000
0000
0000
0000
0000
0000
0000
0000
0000
0000
0000
0000
0000
0000
0000
0000
0000
0000
0000
0000
0000
0000
0000
0000
0000
0000
0000
0000
0000
0000
0000
0000
0000
0000
0000
0000
0000
0000
0000
0000
0000
0000
0000
0000
0000
0000
0000
0000
0000
0000
0000
0000
0000
0000
0000
0000
0000
0000
0000
0000
0000
0000
0000
0000
0000
0000
0000
0000
0000
0000
0000
0000
0000
0000
0000
0000
0000
0000
0000
0000
0000
0000
0000
0000
0000
0000
0000
0000
0000
0000
0000
0000
0000
0000
0000
0000
0000
0000
0000
0000
0000
0000
0000
0000
0000
0000
0000
0000
0000
0000
0000
0000
0000
0000
0000
0000
0000
0000
0000
0000
0000
0000
0000
0000
0000
0000
0000
0000
0000
0000
0000
0000
0000
0000
0000
0000
0000
0000
0000
0000
0000
0000
0000
0000
0000
0000
0000
0040
0C3F
0C3E
0C3D
0C3C
0C3B
0C3A
0C39
0C38
0C37
0C36
0C35
0C34
0C33
0C32
0C31
0C30
0C2F
0C2E
0C2D
0C2C
0C2B
0C2A
0C29
0C28
0C27
0C26
0C25
0C24
0C23
0C22
0C21
0C20
0C1F
0C1E
0C1D
0C1C
0C1B
0C1A
0C19
0C18
0C17
0C16
0C15
0C14
0C13
0C12
0C11
0C10
0C0F
0C0E
0C0D
0C0C
0C0B
0C0A
0C09
0C08
0C07
0C06
0C05
0C04
0C03
0C02
0C01
0C00
