0000
0000
0000
0000
0000
0000
0000
0000
0000
0000
0000
0000
0000
0000
0000
0000
0000
0000
0000
0000
0000
0000
0000
0000
0000
0000
0000
0000
0000
0000
0000
0000
0000
0000
0000
0000
0000
0000
0000
0000
0000
0000
0000
0000
0000
0000
0000
0000
0000
0000
0000
0000
0000
0000
0000
0000
0000
0000
0000
0000
0000
0000
0000
0000
0000
0000
0000
0000
0000
0000
0000
0000
0000
0000
0000
0000
0000
0000
0000
0000
0000
0000
0000
0000
0000
0000
0000
0000
0000
0000
0000
0000
0000
0000
0000
0000
0000
0000
0000
0000
0000
0000
0000
0000
0000
0000
0000
0000
0000
0000
0000
0000
0000
0000
0000
0000
0000
0000
0000
0000
0000
0000
0000
0000
0000
0000
0000
0000
0000
0000
0000
0000
0000
0000
0000
0000
0000
0000
0000
0000
0000
0000
0000
0000
0000
0000
0000
0000
0000
0000
0000
0000
0000
0000
0000
0000
0000
0000
0000
0000
0000
0000
0000
0000
0000
0000
0000
0000
0000
0000
0000
0000
0000
0000
0000
0000
0000
0000
0000
0000
0000
0000
0000
0000
0000
0000
0000
0000
0000
0000
0000
0040
2AFF
2AFE
2AFD
2AFC
2AFB
2AFA
2AF9
2AF8
2AF7
2AF6
2AF5
2AF4
2AF3
2AF2
2AF1
2AF0
2AEF
2AEE
2AED
2AEC
2AEB
2AEA
2AE9
2AE8
2AE7
2AE6
2AE5
2AE4
2AE3
2AE2
2AE1
2AE0
2ADF
2ADE
2ADD
2ADC
2ADB
2ADA
2AD9
2AD8
2AD7
2AD6
2AD5
2AD4
2AD3
2AD2
2AD1
2AD0
2ACF
2ACE
2ACD
2ACC
2ACB
2ACA
2AC9
2AC8
2AC7
2AC6
2AC5
2AC4
2AC3
2AC2
2AC1
2AC0
