0000
0000
0000
0000
0000
0000
0000
0000
0000
0000
0000
0000
0000
0000
0000
0000
0000
0000
0000
0000
0000
0000
0000
0000
0000
0000
0000
0000
0000
0000
0000
0000
0000
0000
0000
0000
0000
0000
0000
0000
0000
0000
0000
0000
0000
0000
0000
0000
0000
0000
0000
0000
0000
0000
0000
0000
0000
0000
0000
0000
0000
0000
0000
0000
0000
0000
0000
0000
0000
0000
0000
0000
0000
0000
0000
0000
0000
0000
0000
0000
0000
0000
0000
0000
0000
0000
0000
0000
0000
0000
0000
0000
0000
0000
0000
0000
0000
0000
0000
0000
0000
0000
0000
0000
0000
0000
0000
0000
0000
0000
0000
0000
0000
0000
0000
0000
0000
0000
0000
0000
0000
0000
0000
0000
0000
0000
0000
0000
0000
0000
0000
0000
0000
0000
0000
0000
0000
0000
0000
0000
0000
0000
0000
0000
0000
0000
0000
0000
0000
0000
0000
0000
0000
0000
0000
0000
0000
0000
0000
0000
0000
0000
0000
0000
0000
0000
0000
0000
0000
0000
0000
0000
0000
0000
0000
0000
0000
0000
0000
0000
0000
0000
0000
0000
0000
0000
0000
0000
0000
0000
0000
0040
3FFF
3FFE
3FFD
3FFC
3FFB
3FFA
3FF9
3FF8
3FF7
3FF6
3FF5
3FF4
3FF3
3FF2
3FF1
3FF0
3FEF
3FEE
3FED
3FEC
3FEB
3FEA
3FE9
3FE8
3FE7
3FE6
3FE5
3FE4
3FE3
3FE2
3FE1
3FE0
3FDF
3FDE
3FDD
3FDC
3FDB
3FDA
3FD9
3FD8
3FD7
3FD6
3FD5
3FD4
3FD3
3FD2
3FD1
3FD0
3FCF
3FCE
3FCD
3FCC
3FCB
3FCA
3FC9
3FC8
3FC7
3FC6
3FC5
3FC4
3FC3
3FC2
3FC1
3FC0
