0000
0000
0000
0000
0000
0000
0000
0000
0000
0000
0000
0000
0000
0000
0000
0000
0000
0000
0000
0000
0000
0000
0000
0000
0000
0000
0000
0000
0000
0000
0000
0000
0000
0000
0000
0000
0000
0000
0000
0000
0000
0000
0000
0000
0000
0000
0000
0000
0000
0000
0000
0000
0000
0000
0000
0000
0000
0000
0000
0000
0000
0000
0000
0000
0000
0000
0000
0000
0000
0000
0000
0000
0000
0000
0000
0000
0000
0000
0000
0000
0000
0000
0000
0000
0000
0000
0000
0000
0000
0000
0000
0000
0000
0000
0000
0000
0000
0000
0000
0000
0000
0000
0000
0000
0000
0000
0000
0000
0000
0000
0000
0000
0000
0000
0000
0000
0000
0000
0000
0000
0000
0000
0000
0000
0000
0000
0000
0000
0000
0000
0000
0000
0000
0000
0000
0000
0000
0000
0000
0000
0000
0000
0000
0000
0000
0000
0000
0000
0000
0000
0000
0000
0000
0000
0000
0000
0000
0000
0000
0000
0000
0000
0000
0000
0000
0000
0000
0000
0000
0000
0000
0000
0000
0000
0000
0000
0000
0000
0000
0000
0000
0000
0000
0000
0000
0000
0000
0000
0000
0000
0000
0040
0F3F
0F3E
0F3D
0F3C
0F3B
0F3A
0F39
0F38
0F37
0F36
0F35
0F34
0F33
0F32
0F31
0F30
0F2F
0F2E
0F2D
0F2C
0F2B
0F2A
0F29
0F28
0F27
0F26
0F25
0F24
0F23
0F22
0F21
0F20
0F1F
0F1E
0F1D
0F1C
0F1B
0F1A
0F19
0F18
0F17
0F16
0F15
0F14
0F13
0F12
0F11
0F10
0F0F
0F0E
0F0D
0F0C
0F0B
0F0A
0F09
0F08
0F07
0F06
0F05
0F04
0F03
0F02
0F01
0F00
