0000
0000
0000
0000
0000
0000
0000
0000
0000
0000
0000
0000
0000
0000
0000
0000
0000
0000
0000
0000
0000
0000
0000
0000
0000
0000
0000
0000
0000
0000
0000
0000
0000
0000
0000
0000
0000
0000
0000
0000
0000
0000
0000
0000
0000
0000
0000
0000
0000
0000
0000
0000
0000
0000
0000
0000
0000
0000
0000
0000
0000
0000
0000
0000
0000
0000
0000
0000
0000
0000
0000
0000
0000
0000
0000
0000
0000
0000
0000
0000
0000
0000
0000
0000
0000
0000
0000
0000
0000
0000
0000
0000
0000
0000
0000
0000
0000
0000
0000
0000
0000
0000
0000
0000
0000
0000
0000
0000
0000
0000
0000
0000
0000
0000
0000
0000
0000
0000
0000
0000
0000
0000
0000
0000
0000
0000
0000
0000
0000
0000
0000
0000
0000
0000
0000
0000
0000
0000
0000
0000
0000
0000
0000
0000
0000
0000
0000
0000
0000
0000
0000
0000
0000
0000
0000
0000
0000
0000
0000
0000
0000
0000
0000
0000
0000
0000
0000
0000
0000
0000
0000
0000
0000
0000
0000
0000
0000
0000
0000
0000
0000
0000
0000
0000
0000
0000
0000
0000
0000
0000
0000
0040
4B7F
4B7E
4B7D
4B7C
4B7B
4B7A
4B79
4B78
4B77
4B76
4B75
4B74
4B73
4B72
4B71
4B70
4B6F
4B6E
4B6D
4B6C
4B6B
4B6A
4B69
4B68
4B67
4B66
4B65
4B64
4B63
4B62
4B61
4B60
4B5F
4B5E
4B5D
4B5C
4B5B
4B5A
4B59
4B58
4B57
4B56
4B55
4B54
4B53
4B52
4B51
4B50
4B4F
4B4E
4B4D
4B4C
4B4B
4B4A
4B49
4B48
4B47
4B46
4B45
4B44
4B43
4B42
4B41
4B40
