0000
0000
0000
0000
0000
0000
0000
0000
0000
0000
0000
0000
0000
0000
0000
0000
0000
0000
0000
0000
0000
0000
0000
0000
0000
0000
0000
0000
0000
0000
0000
0000
0000
0000
0000
0000
0000
0000
0000
0000
0000
0000
0000
0000
0000
0000
0000
0000
0000
0000
0000
0000
0000
0000
0000
0000
0000
0000
0000
0000
0000
0000
0000
0000
0000
0000
0000
0000
0000
0000
0000
0000
0000
0000
0000
0000
0000
0000
0000
0000
0000
0000
0000
0000
0000
0000
0000
0000
0000
0000
0000
0000
0000
0000
0000
0000
0000
0000
0000
0000
0000
0000
0000
0000
0000
0000
0000
0000
0000
0000
0000
0000
0000
0000
0000
0000
0000
0000
0000
0000
0000
0000
0000
0000
0000
0000
0000
0000
0000
0000
0000
0000
0000
0000
0000
0000
0000
0000
0000
0000
0000
0000
0000
0000
0000
0000
0000
0000
0000
0000
0000
0000
0000
0000
0000
0000
0000
0000
0000
0000
0000
0000
0000
0000
0000
0000
0000
0000
0000
0000
0000
0000
0000
0000
0000
0000
0000
0000
0000
0000
0000
0000
0000
0000
0000
0000
0000
0000
0000
0000
0000
0040
3BBF
3BBE
3BBD
3BBC
3BBB
3BBA
3BB9
3BB8
3BB7
3BB6
3BB5
3BB4
3BB3
3BB2
3BB1
3BB0
3BAF
3BAE
3BAD
3BAC
3BAB
3BAA
3BA9
3BA8
3BA7
3BA6
3BA5
3BA4
3BA3
3BA2
3BA1
3BA0
3B9F
3B9E
3B9D
3B9C
3B9B
3B9A
3B99
3B98
3B97
3B96
3B95
3B94
3B93
3B92
3B91
3B90
3B8F
3B8E
3B8D
3B8C
3B8B
3B8A
3B89
3B88
3B87
3B86
3B85
3B84
3B83
3B82
3B81
3B80
