0000
0000
0000
0000
0000
0000
0000
0000
0000
0000
0000
0000
0000
0000
0000
0000
0000
0000
0000
0000
0000
0000
0000
0000
0000
0000
0000
0000
0000
0000
0000
0000
0000
0000
0000
0000
0000
0000
0000
0000
0000
0000
0000
0000
0000
0000
0000
0000
0000
0000
0000
0000
0000
0000
0000
0000
0000
0000
0000
0000
0000
0000
0000
0000
0000
0000
0000
0000
0000
0000
0000
0000
0000
0000
0000
0000
0000
0000
0000
0000
0000
0000
0000
0000
0000
0000
0000
0000
0000
0000
0000
0000
0000
0000
0000
0000
0000
0000
0000
0000
0000
0000
0000
0000
0000
0000
0000
0000
0000
0000
0000
0000
0000
0000
0000
0000
0000
0000
0000
0000
0000
0000
0000
0000
0000
0000
0000
0000
0000
0000
0000
0000
0000
0000
0000
0000
0000
0000
0000
0000
0000
0000
0000
0000
0000
0000
0000
0000
0000
0000
0000
0000
0000
0000
0000
0000
0000
0000
0000
0000
0000
0000
0000
0000
0000
0000
0000
0000
0000
0000
0000
0000
0000
0000
0000
0000
0000
0000
0000
0000
0000
0000
0000
0000
0000
0000
0000
0000
0000
0000
0000
0040
2DBF
2DBE
2DBD
2DBC
2DBB
2DBA
2DB9
2DB8
2DB7
2DB6
2DB5
2DB4
2DB3
2DB2
2DB1
2DB0
2DAF
2DAE
2DAD
2DAC
2DAB
2DAA
2DA9
2DA8
2DA7
2DA6
2DA5
2DA4
2DA3
2DA2
2DA1
2DA0
2D9F
2D9E
2D9D
2D9C
2D9B
2D9A
2D99
2D98
2D97
2D96
2D95
2D94
2D93
2D92
2D91
2D90
2D8F
2D8E
2D8D
2D8C
2D8B
2D8A
2D89
2D88
2D87
2D86
2D85
2D84
2D83
2D82
2D81
2D80
