0000
0000
0000
0000
0000
0000
0000
0000
0000
0000
0000
0000
0000
0000
0000
0000
0000
0000
0000
0000
0000
0000
0000
0000
0000
0000
0000
0000
0000
0000
0000
0000
0000
0000
0000
0000
0000
0000
0000
0000
0000
0000
0000
0000
0000
0000
0000
0000
0000
0000
0000
0000
0000
0000
0000
0000
0000
0000
0000
0000
0000
0000
0000
0000
0000
0000
0000
0000
0000
0000
0000
0000
0000
0000
0000
0000
0000
0000
0000
0000
0000
0000
0000
0000
0000
0000
0000
0000
0000
0000
0000
0000
0000
0000
0000
0000
0000
0000
0000
0000
0000
0000
0000
0000
0000
0000
0000
0000
0000
0000
0000
0000
0000
0000
0000
0000
0000
0000
0000
0000
0000
0000
0000
0000
0000
0000
0000
0000
0000
0000
0000
0000
0000
0000
0000
0000
0000
0000
0000
0000
0000
0000
0000
0000
0000
0000
0000
0000
0000
0000
0000
0000
0000
0000
0000
0000
0000
0000
0000
0000
0000
0000
0000
0000
0000
0000
0000
0000
0000
0000
0000
0000
0000
0000
0000
0000
0000
0000
0000
0000
0000
0000
0000
0000
0000
0000
0000
0000
0000
0000
0000
0040
3F3F
3F3E
3F3D
3F3C
3F3B
3F3A
3F39
3F38
3F37
3F36
3F35
3F34
3F33
3F32
3F31
3F30
3F2F
3F2E
3F2D
3F2C
3F2B
3F2A
3F29
3F28
3F27
3F26
3F25
3F24
3F23
3F22
3F21
3F20
3F1F
3F1E
3F1D
3F1C
3F1B
3F1A
3F19
3F18
3F17
3F16
3F15
3F14
3F13
3F12
3F11
3F10
3F0F
3F0E
3F0D
3F0C
3F0B
3F0A
3F09
3F08
3F07
3F06
3F05
3F04
3F03
3F02
3F01
3F00
