0000
0000
0000
0000
0000
0000
0000
0000
0000
0000
0000
0000
0000
0000
0000
0000
0000
0000
0000
0000
0000
0000
0000
0000
0000
0000
0000
0000
0000
0000
0000
0000
0000
0000
0000
0000
0000
0000
0000
0000
0000
0000
0000
0000
0000
0000
0000
0000
0000
0000
0000
0000
0000
0000
0000
0000
0000
0000
0000
0000
0000
0000
0000
0000
0000
0000
0000
0000
0000
0000
0000
0000
0000
0000
0000
0000
0000
0000
0000
0000
0000
0000
0000
0000
0000
0000
0000
0000
0000
0000
0000
0000
0000
0000
0000
0000
0000
0000
0000
0000
0000
0000
0000
0000
0000
0000
0000
0000
0000
0000
0000
0000
0000
0000
0000
0000
0000
0000
0000
0000
0000
0000
0000
0000
0000
0000
0000
0000
0000
0000
0000
0000
0000
0000
0000
0000
0000
0000
0000
0000
0000
0000
0000
0000
0000
0000
0000
0000
0000
0000
0000
0000
0000
0000
0000
0000
0000
0000
0000
0000
0000
0000
0000
0000
0000
0000
0000
0000
0000
0000
0000
0000
0000
0000
0000
0000
0000
0000
0000
0000
0000
0000
0000
0000
0000
0000
0000
0000
0000
0000
0000
0040
0E7F
0E7E
0E7D
0E7C
0E7B
0E7A
0E79
0E78
0E77
0E76
0E75
0E74
0E73
0E72
0E71
0E70
0E6F
0E6E
0E6D
0E6C
0E6B
0E6A
0E69
0E68
0E67
0E66
0E65
0E64
0E63
0E62
0E61
0E60
0E5F
0E5E
0E5D
0E5C
0E5B
0E5A
0E59
0E58
0E57
0E56
0E55
0E54
0E53
0E52
0E51
0E50
0E4F
0E4E
0E4D
0E4C
0E4B
0E4A
0E49
0E48
0E47
0E46
0E45
0E44
0E43
0E42
0E41
0E40
