0000
0000
0000
0000
0000
0000
0000
0000
0000
0000
0000
0000
0000
0000
0000
0000
0000
0000
0000
0000
0000
0000
0000
0000
0000
0000
0000
0000
0000
0000
0000
0000
0000
0000
0000
0000
0000
0000
0000
0000
0000
0000
0000
0000
0000
0000
0000
0000
0000
0000
0000
0000
0000
0000
0000
0000
0000
0000
0000
0000
0000
0000
0000
0000
0000
0000
0000
0000
0000
0000
0000
0000
0000
0000
0000
0000
0000
0000
0000
0000
0000
0000
0000
0000
0000
0000
0000
0000
0000
0000
0000
0000
0000
0000
0000
0000
0000
0000
0000
0000
0000
0000
0000
0000
0000
0000
0000
0000
0000
0000
0000
0000
0000
0000
0000
0000
0000
0000
0000
0000
0000
0000
0000
0000
0000
0000
0000
0000
0000
0000
0000
0000
0000
0000
0000
0000
0000
0000
0000
0000
0000
0000
0000
0000
0000
0000
0000
0000
0000
0000
0000
0000
0000
0000
0000
0000
0000
0000
0000
0000
0000
0000
0000
0000
0000
0000
0000
0000
0000
0000
0000
0000
0000
0000
0000
0000
0000
0000
0000
0000
0000
0000
0000
0000
0000
0000
0000
0000
0000
0000
0000
0040
28FF
28FE
28FD
28FC
28FB
28FA
28F9
28F8
28F7
28F6
28F5
28F4
28F3
28F2
28F1
28F0
28EF
28EE
28ED
28EC
28EB
28EA
28E9
28E8
28E7
28E6
28E5
28E4
28E3
28E2
28E1
28E0
28DF
28DE
28DD
28DC
28DB
28DA
28D9
28D8
28D7
28D6
28D5
28D4
28D3
28D2
28D1
28D0
28CF
28CE
28CD
28CC
28CB
28CA
28C9
28C8
28C7
28C6
28C5
28C4
28C3
28C2
28C1
28C0
