0000
0000
0000
0000
0000
0000
0000
0000
0000
0000
0000
0000
0000
0000
0000
0000
0000
0000
0000
0000
0000
0000
0000
0000
0000
0000
0000
0000
0000
0000
0000
0000
0000
0000
0000
0000
0000
0000
0000
0000
0000
0000
0000
0000
0000
0000
0000
0000
0000
0000
0000
0000
0000
0000
0000
0000
0000
0000
0000
0000
0000
0000
0000
0000
0000
0000
0000
0000
0000
0000
0000
0000
0000
0000
0000
0000
0000
0000
0000
0000
0000
0000
0000
0000
0000
0000
0000
0000
0000
0000
0000
0000
0000
0000
0000
0000
0000
0000
0000
0000
0000
0000
0000
0000
0000
0000
0000
0000
0000
0000
0000
0000
0000
0000
0000
0000
0000
0000
0000
0000
0000
0000
0000
0000
0000
0000
0000
0000
0000
0000
0000
0000
0000
0000
0000
0000
0000
0000
0000
0000
0000
0000
0000
0000
0000
0000
0000
0000
0000
0000
0000
0000
0000
0000
0000
0000
0000
0000
0000
0000
0000
0000
0000
0000
0000
0000
0000
0000
0000
0000
0000
0000
0000
0000
0000
0000
0000
0000
0000
0000
0000
0000
0000
0000
0000
0000
0000
0000
0000
0000
0000
0040
0DFF
0DFE
0DFD
0DFC
0DFB
0DFA
0DF9
0DF8
0DF7
0DF6
0DF5
0DF4
0DF3
0DF2
0DF1
0DF0
0DEF
0DEE
0DED
0DEC
0DEB
0DEA
0DE9
0DE8
0DE7
0DE6
0DE5
0DE4
0DE3
0DE2
0DE1
0DE0
0DDF
0DDE
0DDD
0DDC
0DDB
0DDA
0DD9
0DD8
0DD7
0DD6
0DD5
0DD4
0DD3
0DD2
0DD1
0DD0
0DCF
0DCE
0DCD
0DCC
0DCB
0DCA
0DC9
0DC8
0DC7
0DC6
0DC5
0DC4
0DC3
0DC2
0DC1
0DC0
