0000
0000
0000
0000
0000
0000
0000
0000
0000
0000
0000
0000
0000
0000
0000
0000
0000
0000
0000
0000
0000
0000
0000
0000
0000
0000
0000
0000
0000
0000
0000
0000
0000
0000
0000
0000
0000
0000
0000
0000
0000
0000
0000
0000
0000
0000
0000
0000
0000
0000
0000
0000
0000
0000
0000
0000
0000
0000
0000
0000
0000
0000
0000
0000
0000
0000
0000
0000
0000
0000
0000
0000
0000
0000
0000
0000
0000
0000
0000
0000
0000
0000
0000
0000
0000
0000
0000
0000
0000
0000
0000
0000
0000
0000
0000
0000
0000
0000
0000
0000
0000
0000
0000
0000
0000
0000
0000
0000
0000
0000
0000
0000
0000
0000
0000
0000
0000
0000
0000
0000
0000
0000
0000
0000
0000
0000
0000
0000
0000
0000
0000
0000
0000
0000
0000
0000
0000
0000
0000
0000
0000
0000
0000
0000
0000
0000
0000
0000
0000
0000
0000
0000
0000
0000
0000
0000
0000
0000
0000
0000
0000
0000
0000
0000
0000
0000
0000
0000
0000
0000
0000
0000
0000
0000
0000
0000
0000
0000
0000
0000
0000
0000
0000
0000
0000
0000
0000
0000
0000
0000
0000
0040
4C3F
4C3E
4C3D
4C3C
4C3B
4C3A
4C39
4C38
4C37
4C36
4C35
4C34
4C33
4C32
4C31
4C30
4C2F
4C2E
4C2D
4C2C
4C2B
4C2A
4C29
4C28
4C27
4C26
4C25
4C24
4C23
4C22
4C21
4C20
4C1F
4C1E
4C1D
4C1C
4C1B
4C1A
4C19
4C18
4C17
4C16
4C15
4C14
4C13
4C12
4C11
4C10
4C0F
4C0E
4C0D
4C0C
4C0B
4C0A
4C09
4C08
4C07
4C06
4C05
4C04
4C03
4C02
4C01
4C00
