0000
0000
0000
0000
0000
0000
0000
0000
0000
0000
0000
0000
0000
0000
0000
0000
0000
0000
0000
0000
0000
0000
0000
0000
0000
0000
0000
0000
0000
0000
0000
0000
0000
0000
0000
0000
0000
0000
0000
0000
0000
0000
0000
0000
0000
0000
0000
0000
0000
0000
0000
0000
0000
0000
0000
0000
0000
0000
0000
0000
0000
0000
0000
0000
0000
0000
0000
0000
0000
0000
0000
0000
0000
0000
0000
0000
0000
0000
0000
0000
0000
0000
0000
0000
0000
0000
0000
0000
0000
0000
0000
0000
0000
0000
0000
0000
0000
0000
0000
0000
0000
0000
0000
0000
0000
0000
0000
0000
0000
0000
0000
0000
0000
0000
0000
0000
0000
0000
0000
0000
0000
0000
0000
0000
0000
0000
0000
0000
0000
0000
0000
0000
0000
0000
0000
0000
0000
0000
0000
0000
0000
0000
0000
0000
0000
0000
0000
0000
0000
0000
0000
0000
0000
0000
0000
0000
0000
0000
0000
0000
0000
0000
0000
0000
0000
0000
0000
0000
0000
0000
0000
0000
0000
0000
0000
0000
0000
0000
0000
0000
0000
0000
0000
0000
0000
0000
0000
0000
0000
0000
0000
0040
2E3F
2E3E
2E3D
2E3C
2E3B
2E3A
2E39
2E38
2E37
2E36
2E35
2E34
2E33
2E32
2E31
2E30
2E2F
2E2E
2E2D
2E2C
2E2B
2E2A
2E29
2E28
2E27
2E26
2E25
2E24
2E23
2E22
2E21
2E20
2E1F
2E1E
2E1D
2E1C
2E1B
2E1A
2E19
2E18
2E17
2E16
2E15
2E14
2E13
2E12
2E11
2E10
2E0F
2E0E
2E0D
2E0C
2E0B
2E0A
2E09
2E08
2E07
2E06
2E05
2E04
2E03
2E02
2E01
2E00
