0000
0000
0000
0000
0000
0000
0000
0000
0000
0000
0000
0000
0000
0000
0000
0000
0000
0000
0000
0000
0000
0000
0000
0000
0000
0000
0000
0000
0000
0000
0000
0000
0000
0000
0000
0000
0000
0000
0000
0000
0000
0000
0000
0000
0000
0000
0000
0000
0000
0000
0000
0000
0000
0000
0000
0000
0000
0000
0000
0000
0000
0000
0000
0000
0000
0000
0000
0000
0000
0000
0000
0000
0000
0000
0000
0000
0000
0000
0000
0000
0000
0000
0000
0000
0000
0000
0000
0000
0000
0000
0000
0000
0000
0000
0000
0000
0000
0000
0000
0000
0000
0000
0000
0000
0000
0000
0000
0000
0000
0000
0000
0000
0000
0000
0000
0000
0000
0000
0000
0000
0000
0000
0000
0000
0000
0000
0000
0000
0000
0000
0000
0000
0000
0000
0000
0000
0000
0000
0000
0000
0000
0000
0000
0000
0000
0000
0000
0000
0000
0000
0000
0000
0000
0000
0000
0000
0000
0000
0000
0000
0000
0000
0000
0000
0000
0000
0000
0000
0000
0000
0000
0000
0000
0000
0000
0000
0000
0000
0000
0000
0000
0000
0000
0000
0000
0000
0000
0000
0000
0000
0000
0040
1DBF
1DBE
1DBD
1DBC
1DBB
1DBA
1DB9
1DB8
1DB7
1DB6
1DB5
1DB4
1DB3
1DB2
1DB1
1DB0
1DAF
1DAE
1DAD
1DAC
1DAB
1DAA
1DA9
1DA8
1DA7
1DA6
1DA5
1DA4
1DA3
1DA2
1DA1
1DA0
1D9F
1D9E
1D9D
1D9C
1D9B
1D9A
1D99
1D98
1D97
1D96
1D95
1D94
1D93
1D92
1D91
1D90
1D8F
1D8E
1D8D
1D8C
1D8B
1D8A
1D89
1D88
1D87
1D86
1D85
1D84
1D83
1D82
1D81
1D80
