0000
0000
0000
0000
0000
0000
0000
0000
0000
0000
0000
0000
0000
0000
0000
0000
0000
0000
0000
0000
0000
0000
0000
0000
0000
0000
0000
0000
0000
0000
0000
0000
0000
0000
0000
0000
0000
0000
0000
0000
0000
0000
0000
0000
0000
0000
0000
0000
0000
0000
0000
0000
0000
0000
0000
0000
0000
0000
0000
0000
0000
0000
0000
0000
0000
0000
0000
0000
0000
0000
0000
0000
0000
0000
0000
0000
0000
0000
0000
0000
0000
0000
0000
0000
0000
0000
0000
0000
0000
0000
0000
0000
0000
0000
0000
0000
0000
0000
0000
0000
0000
0000
0000
0000
0000
0000
0000
0000
0000
0000
0000
0000
0000
0000
0000
0000
0000
0000
0000
0000
0000
0000
0000
0000
0000
0000
0000
0000
0000
0000
0000
0000
0000
0000
0000
0000
0000
0000
0000
0000
0000
0000
0000
0000
0000
0000
0000
0000
0000
0000
0000
0000
0000
0000
0000
0000
0000
0000
0000
0000
0000
0000
0000
0000
0000
0000
0000
0000
0000
0000
0000
0000
0000
0000
0000
0000
0000
0000
0000
0000
0000
0000
0000
0000
0000
0000
0000
0000
0000
0000
0000
0040
1B3F
1B3E
1B3D
1B3C
1B3B
1B3A
1B39
1B38
1B37
1B36
1B35
1B34
1B33
1B32
1B31
1B30
1B2F
1B2E
1B2D
1B2C
1B2B
1B2A
1B29
1B28
1B27
1B26
1B25
1B24
1B23
1B22
1B21
1B20
1B1F
1B1E
1B1D
1B1C
1B1B
1B1A
1B19
1B18
1B17
1B16
1B15
1B14
1B13
1B12
1B11
1B10
1B0F
1B0E
1B0D
1B0C
1B0B
1B0A
1B09
1B08
1B07
1B06
1B05
1B04
1B03
1B02
1B01
1B00
