0000
0000
0000
0000
0000
0000
0000
0000
0000
0000
0000
0000
0000
0000
0000
0000
0000
0000
0000
0000
0000
0000
0000
0000
0000
0000
0000
0000
0000
0000
0000
0000
0000
0000
0000
0000
0000
0000
0000
0000
0000
0000
0000
0000
0000
0000
0000
0000
0000
0000
0000
0000
0000
0000
0000
0000
0000
0000
0000
0000
0000
0000
0000
0000
0000
0000
0000
0000
0000
0000
0000
0000
0000
0000
0000
0000
0000
0000
0000
0000
0000
0000
0000
0000
0000
0000
0000
0000
0000
0000
0000
0000
0000
0000
0000
0000
0000
0000
0000
0000
0000
0000
0000
0000
0000
0000
0000
0000
0000
0000
0000
0000
0000
0000
0000
0000
0000
0000
0000
0000
0000
0000
0000
0000
0000
0000
0000
0000
0000
0000
0000
0000
0000
0000
0000
0000
0000
0000
0000
0000
0000
0000
0000
0000
0000
0000
0000
0000
0000
0000
0000
0000
0000
0000
0000
0000
0000
0000
0000
0000
0000
0000
0000
0000
0000
0000
0000
0000
0000
0000
0000
0000
0000
0000
0000
0000
0000
0000
0000
0000
0000
0000
0000
0000
0000
0000
0000
0000
0000
0000
0000
0040
07FF
07FE
07FD
07FC
07FB
07FA
07F9
07F8
07F7
07F6
07F5
07F4
07F3
07F2
07F1
07F0
07EF
07EE
07ED
07EC
07EB
07EA
07E9
07E8
07E7
07E6
07E5
07E4
07E3
07E2
07E1
07E0
07DF
07DE
07DD
07DC
07DB
07DA
07D9
07D8
07D7
07D6
07D5
07D4
07D3
07D2
07D1
07D0
07CF
07CE
07CD
07CC
07CB
07CA
07C9
07C8
07C7
07C6
07C5
07C4
07C3
07C2
07C1
07C0
