0000
0000
0000
0000
0000
0000
0000
0000
0000
0000
0000
0000
0000
0000
0000
0000
0000
0000
0000
0000
0000
0000
0000
0000
0000
0000
0000
0000
0000
0000
0000
0000
0000
0000
0000
0000
0000
0000
0000
0000
0000
0000
0000
0000
0000
0000
0000
0000
0000
0000
0000
0000
0000
0000
0000
0000
0000
0000
0000
0000
0000
0000
0000
0000
0000
0000
0000
0000
0000
0000
0000
0000
0000
0000
0000
0000
0000
0000
0000
0000
0000
0000
0000
0000
0000
0000
0000
0000
0000
0000
0000
0000
0000
0000
0000
0000
0000
0000
0000
0000
0000
0000
0000
0000
0000
0000
0000
0000
0000
0000
0000
0000
0000
0000
0000
0000
0000
0000
0000
0000
0000
0000
0000
0000
0000
0000
0000
0000
0000
0000
0000
0000
0000
0000
0000
0000
0000
0000
0000
0000
0000
0000
0000
0000
0000
0000
0000
0000
0000
0000
0000
0000
0000
0000
0000
0000
0000
0000
0000
0000
0000
0000
0000
0000
0000
0000
0000
0000
0000
0000
0000
0000
0000
0000
0000
0000
0000
0000
0000
0000
0000
0000
0000
0000
0000
0000
0000
0000
0000
0000
0000
0040
1CFF
1CFE
1CFD
1CFC
1CFB
1CFA
1CF9
1CF8
1CF7
1CF6
1CF5
1CF4
1CF3
1CF2
1CF1
1CF0
1CEF
1CEE
1CED
1CEC
1CEB
1CEA
1CE9
1CE8
1CE7
1CE6
1CE5
1CE4
1CE3
1CE2
1CE1
1CE0
1CDF
1CDE
1CDD
1CDC
1CDB
1CDA
1CD9
1CD8
1CD7
1CD6
1CD5
1CD4
1CD3
1CD2
1CD1
1CD0
1CCF
1CCE
1CCD
1CCC
1CCB
1CCA
1CC9
1CC8
1CC7
1CC6
1CC5
1CC4
1CC3
1CC2
1CC1
1CC0
