0000
0000
0000
0000
0000
0000
0000
0000
0000
0000
0000
0000
0000
0000
0000
0000
0000
0000
0000
0000
0000
0000
0000
0000
0000
0000
0000
0000
0000
0000
0000
0000
0000
0000
0000
0000
0000
0000
0000
0000
0000
0000
0000
0000
0000
0000
0000
0000
0000
0000
0000
0000
0000
0000
0000
0000
0000
0000
0000
0000
0000
0000
0000
0000
0000
0000
0000
0000
0000
0000
0000
0000
0000
0000
0000
0000
0000
0000
0000
0000
0000
0000
0000
0000
0000
0000
0000
0000
0000
0000
0000
0000
0000
0000
0000
0000
0000
0000
0000
0000
0000
0000
0000
0000
0000
0000
0000
0000
0000
0000
0000
0000
0000
0000
0000
0000
0000
0000
0000
0000
0000
0000
0000
0000
0000
0000
0000
0000
0000
0000
0000
0000
0000
0000
0000
0000
0000
0000
0000
0000
0000
0000
0000
0000
0000
0000
0000
0000
0000
0000
0000
0000
0000
0000
0000
0000
0000
0000
0000
0000
0000
0000
0000
0000
0000
0000
0000
0000
0000
0000
0000
0000
0000
0000
0000
0000
0000
0000
0000
0000
0000
0000
0000
0000
0000
0000
0000
0000
0000
0000
0000
0040
00FF
00FE
00FD
00FC
00FB
00FA
00F9
00F8
00F7
00F6
00F5
00F4
00F3
00F2
00F1
00F0
00EF
00EE
00ED
00EC
00EB
00EA
00E9
00E8
00E7
00E6
00E5
00E4
00E3
00E2
00E1
00E0
00DF
00DE
00DD
00DC
00DB
00DA
00D9
00D8
00D7
00D6
00D5
00D4
00D3
00D2
00D1
00D0
00CF
00CE
00CD
00CC
00CB
00CA
00C9
00C8
00C7
00C6
00C5
00C4
00C3
00C2
00C1
00C0
