0000
0000
0000
0000
0000
0000
0000
0000
0000
0000
0000
0000
0000
0000
0000
0000
0000
0000
0000
0000
0000
0000
0000
0000
0000
0000
0000
0000
0000
0000
0000
0000
0000
0000
0000
0000
0000
0000
0000
0000
0000
0000
0000
0000
0000
0000
0000
0000
0000
0000
0000
0000
0000
0000
0000
0000
0000
0000
0000
0000
0000
0000
0000
0000
0000
0000
0000
0000
0000
0000
0000
0000
0000
0000
0000
0000
0000
0000
0000
0000
0000
0000
0000
0000
0000
0000
0000
0000
0000
0000
0000
0000
0000
0000
0000
0000
0000
0000
0000
0000
0000
0000
0000
0000
0000
0000
0000
0000
0000
0000
0000
0000
0000
0000
0000
0000
0000
0000
0000
0000
0000
0000
0000
0000
0000
0000
0000
0000
0000
0000
0000
0000
0000
0000
0000
0000
0000
0000
0000
0000
0000
0000
0000
0000
0000
0000
0000
0000
0000
0000
0000
0000
0000
0000
0000
0000
0000
0000
0000
0000
0000
0000
0000
0000
0000
0000
0000
0000
0000
0000
0000
0000
0000
0000
0000
0000
0000
0000
0000
0000
0000
0000
0000
0000
0000
0000
0000
0000
0000
0000
0000
0040
26FF
26FE
26FD
26FC
26FB
26FA
26F9
26F8
26F7
26F6
26F5
26F4
26F3
26F2
26F1
26F0
26EF
26EE
26ED
26EC
26EB
26EA
26E9
26E8
26E7
26E6
26E5
26E4
26E3
26E2
26E1
26E0
26DF
26DE
26DD
26DC
26DB
26DA
26D9
26D8
26D7
26D6
26D5
26D4
26D3
26D2
26D1
26D0
26CF
26CE
26CD
26CC
26CB
26CA
26C9
26C8
26C7
26C6
26C5
26C4
26C3
26C2
26C1
26C0
