0000
0000
0000
0000
0000
0000
0000
0000
0000
0000
0000
0000
0000
0000
0000
0000
0000
0000
0000
0000
0000
0000
0000
0000
0000
0000
0000
0000
0000
0000
0000
0000
0000
0000
0000
0000
0000
0000
0000
0000
0000
0000
0000
0000
0000
0000
0000
0000
0000
0000
0000
0000
0000
0000
0000
0000
0000
0000
0000
0000
0000
0000
0000
0000
0000
0000
0000
0000
0000
0000
0000
0000
0000
0000
0000
0000
0000
0000
0000
0000
0000
0000
0000
0000
0000
0000
0000
0000
0000
0000
0000
0000
0000
0000
0000
0000
0000
0000
0000
0000
0000
0000
0000
0000
0000
0000
0000
0000
0000
0000
0000
0000
0000
0000
0000
0000
0000
0000
0000
0000
0000
0000
0000
0000
0000
0000
0000
0000
0000
0000
0000
0000
0000
0000
0000
0000
0000
0000
0000
0000
0000
0000
0000
0000
0000
0000
0000
0000
0000
0000
0000
0000
0000
0000
0000
0000
0000
0000
0000
0000
0000
0000
0000
0000
0000
0000
0000
0000
0000
0000
0000
0000
0000
0000
0000
0000
0000
0000
0000
0000
0000
0000
0000
0000
0000
0000
0000
0000
0000
0000
0000
0040
12FF
12FE
12FD
12FC
12FB
12FA
12F9
12F8
12F7
12F6
12F5
12F4
12F3
12F2
12F1
12F0
12EF
12EE
12ED
12EC
12EB
12EA
12E9
12E8
12E7
12E6
12E5
12E4
12E3
12E2
12E1
12E0
12DF
12DE
12DD
12DC
12DB
12DA
12D9
12D8
12D7
12D6
12D5
12D4
12D3
12D2
12D1
12D0
12CF
12CE
12CD
12CC
12CB
12CA
12C9
12C8
12C7
12C6
12C5
12C4
12C3
12C2
12C1
12C0
