0000
0000
0000
0000
0000
0000
0000
0000
0000
0000
0000
0000
0000
0000
0000
0000
0000
0000
0000
0000
0000
0000
0000
0000
0000
0000
0000
0000
0000
0000
0000
0000
0000
0000
0000
0000
0000
0000
0000
0000
0000
0000
0000
0000
0000
0000
0000
0000
0000
0000
0000
0000
0000
0000
0000
0000
0000
0000
0000
0000
0000
0000
0000
0000
0000
0000
0000
0000
0000
0000
0000
0000
0000
0000
0000
0000
0000
0000
0000
0000
0000
0000
0000
0000
0000
0000
0000
0000
0000
0000
0000
0000
0000
0000
0000
0000
0000
0000
0000
0000
0000
0000
0000
0000
0000
0000
0000
0000
0000
0000
0000
0000
0000
0000
0000
0000
0000
0000
0000
0000
0000
0000
0000
0000
0000
0000
0000
0000
0000
0000
0000
0000
0000
0000
0000
0000
0000
0000
0000
0000
0000
0000
0000
0000
0000
0000
0000
0000
0000
0000
0000
0000
0000
0000
0000
0000
0000
0000
0000
0000
0000
0000
0000
0000
0000
0000
0000
0000
0000
0000
0000
0000
0000
0000
0000
0000
0000
0000
0000
0000
0000
0000
0000
0000
0000
0000
0000
0000
0000
0000
0000
0040
2D3F
2D3E
2D3D
2D3C
2D3B
2D3A
2D39
2D38
2D37
2D36
2D35
2D34
2D33
2D32
2D31
2D30
2D2F
2D2E
2D2D
2D2C
2D2B
2D2A
2D29
2D28
2D27
2D26
2D25
2D24
2D23
2D22
2D21
2D20
2D1F
2D1E
2D1D
2D1C
2D1B
2D1A
2D19
2D18
2D17
2D16
2D15
2D14
2D13
2D12
2D11
2D10
2D0F
2D0E
2D0D
2D0C
2D0B
2D0A
2D09
2D08
2D07
2D06
2D05
2D04
2D03
2D02
2D01
2D00
