0000
0000
0000
0000
0000
0000
0000
0000
0000
0000
0000
0000
0000
0000
0000
0000
0000
0000
0000
0000
0000
0000
0000
0000
0000
0000
0000
0000
0000
0000
0000
0000
0000
0000
0000
0000
0000
0000
0000
0000
0000
0000
0000
0000
0000
0000
0000
0000
0000
0000
0000
0000
0000
0000
0000
0000
0000
0000
0000
0000
0000
0000
0000
0000
0000
0000
0000
0000
0000
0000
0000
0000
0000
0000
0000
0000
0000
0000
0000
0000
0000
0000
0000
0000
0000
0000
0000
0000
0000
0000
0000
0000
0000
0000
0000
0000
0000
0000
0000
0000
0000
0000
0000
0000
0000
0000
0000
0000
0000
0000
0000
0000
0000
0000
0000
0000
0000
0000
0000
0000
0000
0000
0000
0000
0000
0000
0000
0000
0000
0000
0000
0000
0000
0000
0000
0000
0000
0000
0000
0000
0000
0000
0000
0000
0000
0000
0000
0000
0000
0000
0000
0000
0000
0000
0000
0000
0000
0000
0000
0000
0000
0000
0000
0000
0000
0000
0000
0000
0000
0000
0000
0000
0000
0000
0000
0000
0000
0000
0000
0000
0000
0000
0000
0000
0000
0000
0000
0000
0000
0000
0000
0040
4EBF
4EBE
4EBD
4EBC
4EBB
4EBA
4EB9
4EB8
4EB7
4EB6
4EB5
4EB4
4EB3
4EB2
4EB1
4EB0
4EAF
4EAE
4EAD
4EAC
4EAB
4EAA
4EA9
4EA8
4EA7
4EA6
4EA5
4EA4
4EA3
4EA2
4EA1
4EA0
4E9F
4E9E
4E9D
4E9C
4E9B
4E9A
4E99
4E98
4E97
4E96
4E95
4E94
4E93
4E92
4E91
4E90
4E8F
4E8E
4E8D
4E8C
4E8B
4E8A
4E89
4E88
4E87
4E86
4E85
4E84
4E83
4E82
4E81
4E80
