0000
0000
0000
0000
0000
0000
0000
0000
0000
0000
0000
0000
0000
0000
0000
0000
0000
0000
0000
0000
0000
0000
0000
0000
0000
0000
0000
0000
0000
0000
0000
0000
0000
0000
0000
0000
0000
0000
0000
0000
0000
0000
0000
0000
0000
0000
0000
0000
0000
0000
0000
0000
0000
0000
0000
0000
0000
0000
0000
0000
0000
0000
0000
0000
0000
0000
0000
0000
0000
0000
0000
0000
0000
0000
0000
0000
0000
0000
0000
0000
0000
0000
0000
0000
0000
0000
0000
0000
0000
0000
0000
0000
0000
0000
0000
0000
0000
0000
0000
0000
0000
0000
0000
0000
0000
0000
0000
0000
0000
0000
0000
0000
0000
0000
0000
0000
0000
0000
0000
0000
0000
0000
0000
0000
0000
0000
0000
0000
0000
0000
0000
0000
0000
0000
0000
0000
0000
0000
0000
0000
0000
0000
0000
0000
0000
0000
0000
0000
0000
0000
0000
0000
0000
0000
0000
0000
0000
0000
0000
0000
0000
0000
0000
0000
0000
0000
0000
0000
0000
0000
0000
0000
0000
0000
0000
0000
0000
0000
0000
0000
0000
0000
0000
0000
0000
0000
0000
0000
0000
0000
0000
0040
29FF
29FE
29FD
29FC
29FB
29FA
29F9
29F8
29F7
29F6
29F5
29F4
29F3
29F2
29F1
29F0
29EF
29EE
29ED
29EC
29EB
29EA
29E9
29E8
29E7
29E6
29E5
29E4
29E3
29E2
29E1
29E0
29DF
29DE
29DD
29DC
29DB
29DA
29D9
29D8
29D7
29D6
29D5
29D4
29D3
29D2
29D1
29D0
29CF
29CE
29CD
29CC
29CB
29CA
29C9
29C8
29C7
29C6
29C5
29C4
29C3
29C2
29C1
29C0
