0000
0000
0000
0000
0000
0000
0000
0000
0000
0000
0000
0000
0000
0000
0000
0000
0000
0000
0000
0000
0000
0000
0000
0000
0000
0000
0000
0000
0000
0000
0000
0000
0000
0000
0000
0000
0000
0000
0000
0000
0000
0000
0000
0000
0000
0000
0000
0000
0000
0000
0000
0000
0000
0000
0000
0000
0000
0000
0000
0000
0000
0000
0000
0000
0000
0000
0000
0000
0000
0000
0000
0000
0000
0000
0000
0000
0000
0000
0000
0000
0000
0000
0000
0000
0000
0000
0000
0000
0000
0000
0000
0000
0000
0000
0000
0000
0000
0000
0000
0000
0000
0000
0000
0000
0000
0000
0000
0000
0000
0000
0000
0000
0000
0000
0000
0000
0000
0000
0000
0000
0000
0000
0000
0000
0000
0000
0000
0000
0000
0000
0000
0000
0000
0000
0000
0000
0000
0000
0000
0000
0000
0000
0000
0000
0000
0000
0000
0000
0000
0000
0000
0000
0000
0000
0000
0000
0000
0000
0000
0000
0000
0000
0000
0000
0000
0000
0000
0000
0000
0000
0000
0000
0000
0000
0000
0000
0000
0000
0000
0000
0000
0000
0000
0000
0000
0000
0000
0000
0000
0000
0000
0040
1FBF
1FBE
1FBD
1FBC
1FBB
1FBA
1FB9
1FB8
1FB7
1FB6
1FB5
1FB4
1FB3
1FB2
1FB1
1FB0
1FAF
1FAE
1FAD
1FAC
1FAB
1FAA
1FA9
1FA8
1FA7
1FA6
1FA5
1FA4
1FA3
1FA2
1FA1
1FA0
1F9F
1F9E
1F9D
1F9C
1F9B
1F9A
1F99
1F98
1F97
1F96
1F95
1F94
1F93
1F92
1F91
1F90
1F8F
1F8E
1F8D
1F8C
1F8B
1F8A
1F89
1F88
1F87
1F86
1F85
1F84
1F83
1F82
1F81
1F80
