0000
0000
0000
0000
0000
0000
0000
0000
0000
0000
0000
0000
0000
0000
0000
0000
0000
0000
0000
0000
0000
0000
0000
0000
0000
0000
0000
0000
0000
0000
0000
0000
0000
0000
0000
0000
0000
0000
0000
0000
0000
0000
0000
0000
0000
0000
0000
0000
0000
0000
0000
0000
0000
0000
0000
0000
0000
0000
0000
0000
0000
0000
0000
0000
0000
0000
0000
0000
0000
0000
0000
0000
0000
0000
0000
0000
0000
0000
0000
0000
0000
0000
0000
0000
0000
0000
0000
0000
0000
0000
0000
0000
0000
0000
0000
0000
0000
0000
0000
0000
0000
0000
0000
0000
0000
0000
0000
0000
0000
0000
0000
0000
0000
0000
0000
0000
0000
0000
0000
0000
0000
0000
0000
0000
0000
0000
0000
0000
0000
0000
0000
0000
0000
0000
0000
0000
0000
0000
0000
0000
0000
0000
0000
0000
0000
0000
0000
0000
0000
0000
0000
0000
0000
0000
0000
0000
0000
0000
0000
0000
0000
0000
0000
0000
0000
0000
0000
0000
0000
0000
0000
0000
0000
0000
0000
0000
0000
0000
0000
0000
0000
0000
0000
0000
0000
0000
0000
0000
0000
0000
0000
0040
1AFF
1AFE
1AFD
1AFC
1AFB
1AFA
1AF9
1AF8
1AF7
1AF6
1AF5
1AF4
1AF3
1AF2
1AF1
1AF0
1AEF
1AEE
1AED
1AEC
1AEB
1AEA
1AE9
1AE8
1AE7
1AE6
1AE5
1AE4
1AE3
1AE2
1AE1
1AE0
1ADF
1ADE
1ADD
1ADC
1ADB
1ADA
1AD9
1AD8
1AD7
1AD6
1AD5
1AD4
1AD3
1AD2
1AD1
1AD0
1ACF
1ACE
1ACD
1ACC
1ACB
1ACA
1AC9
1AC8
1AC7
1AC6
1AC5
1AC4
1AC3
1AC2
1AC1
1AC0
