0000
0000
0000
0000
0000
0000
0000
0000
0000
0000
0000
0000
0000
0000
0000
0000
0000
0000
0000
0000
0000
0000
0000
0000
0000
0000
0000
0000
0000
0000
0000
0000
0000
0000
0000
0000
0000
0000
0000
0000
0000
0000
0000
0000
0000
0000
0000
0000
0000
0000
0000
0000
0000
0000
0000
0000
0000
0000
0000
0000
0000
0000
0000
0000
0000
0000
0000
0000
0000
0000
0000
0000
0000
0000
0000
0000
0000
0000
0000
0000
0000
0000
0000
0000
0000
0000
0000
0000
0000
0000
0000
0000
0000
0000
0000
0000
0000
0000
0000
0000
0000
0000
0000
0000
0000
0000
0000
0000
0000
0000
0000
0000
0000
0000
0000
0000
0000
0000
0000
0000
0000
0000
0000
0000
0000
0000
0000
0000
0000
0000
0000
0000
0000
0000
0000
0000
0000
0000
0000
0000
0000
0000
0000
0000
0000
0000
0000
0000
0000
0000
0000
0000
0000
0000
0000
0000
0000
0000
0000
0000
0000
0000
0000
0000
0000
0000
0000
0000
0000
0000
0000
0000
0000
0000
0000
0000
0000
0000
0000
0000
0000
0000
0000
0000
0000
0000
0000
0000
0000
0000
0000
0040
0BFF
0BFE
0BFD
0BFC
0BFB
0BFA
0BF9
0BF8
0BF7
0BF6
0BF5
0BF4
0BF3
0BF2
0BF1
0BF0
0BEF
0BEE
0BED
0BEC
0BEB
0BEA
0BE9
0BE8
0BE7
0BE6
0BE5
0BE4
0BE3
0BE2
0BE1
0BE0
0BDF
0BDE
0BDD
0BDC
0BDB
0BDA
0BD9
0BD8
0BD7
0BD6
0BD5
0BD4
0BD3
0BD2
0BD1
0BD0
0BCF
0BCE
0BCD
0BCC
0BCB
0BCA
0BC9
0BC8
0BC7
0BC6
0BC5
0BC4
0BC3
0BC2
0BC1
0BC0
