0000
0000
0000
0000
0000
0000
0000
0000
0000
0000
0000
0000
0000
0000
0000
0000
0000
0000
0000
0000
0000
0000
0000
0000
0000
0000
0000
0000
0000
0000
0000
0000
0000
0000
0000
0000
0000
0000
0000
0000
0000
0000
0000
0000
0000
0000
0000
0000
0000
0000
0000
0000
0000
0000
0000
0000
0000
0000
0000
0000
0000
0000
0000
0000
0000
0000
0000
0000
0000
0000
0000
0000
0000
0000
0000
0000
0000
0000
0000
0000
0000
0000
0000
0000
0000
0000
0000
0000
0000
0000
0000
0000
0000
0000
0000
0000
0000
0000
0000
0000
0000
0000
0000
0000
0000
0000
0000
0000
0000
0000
0000
0000
0000
0000
0000
0000
0000
0000
0000
0000
0000
0000
0000
0000
0000
0000
0000
0000
0000
0000
0000
0000
0000
0000
0000
0000
0000
0000
0000
0000
0000
0000
0000
0000
0000
0000
0000
0000
0000
0000
0000
0000
0000
0000
0000
0000
0000
0000
0000
0000
0000
0000
0000
0000
0000
0000
0000
0000
0000
0000
0000
0000
0000
0000
0000
0000
0000
0000
0000
0000
0000
0000
0000
0000
0000
0000
0000
0000
0000
0000
0000
0040
3B7F
3B7E
3B7D
3B7C
3B7B
3B7A
3B79
3B78
3B77
3B76
3B75
3B74
3B73
3B72
3B71
3B70
3B6F
3B6E
3B6D
3B6C
3B6B
3B6A
3B69
3B68
3B67
3B66
3B65
3B64
3B63
3B62
3B61
3B60
3B5F
3B5E
3B5D
3B5C
3B5B
3B5A
3B59
3B58
3B57
3B56
3B55
3B54
3B53
3B52
3B51
3B50
3B4F
3B4E
3B4D
3B4C
3B4B
3B4A
3B49
3B48
3B47
3B46
3B45
3B44
3B43
3B42
3B41
3B40
