0000
0000
0000
0000
0000
0000
0000
0000
0000
0000
0000
0000
0000
0000
0000
0000
0000
0000
0000
0000
0000
0000
0000
0000
0000
0000
0000
0000
0000
0000
0000
0000
0000
0000
0000
0000
0000
0000
0000
0000
0000
0000
0000
0000
0000
0000
0000
0000
0000
0000
0000
0000
0000
0000
0000
0000
0000
0000
0000
0000
0000
0000
0000
0000
0000
0000
0000
0000
0000
0000
0000
0000
0000
0000
0000
0000
0000
0000
0000
0000
0000
0000
0000
0000
0000
0000
0000
0000
0000
0000
0000
0000
0000
0000
0000
0000
0000
0000
0000
0000
0000
0000
0000
0000
0000
0000
0000
0000
0000
0000
0000
0000
0000
0000
0000
0000
0000
0000
0000
0000
0000
0000
0000
0000
0000
0000
0000
0000
0000
0000
0000
0000
0000
0000
0000
0000
0000
0000
0000
0000
0000
0000
0000
0000
0000
0000
0000
0000
0000
0000
0000
0000
0000
0000
0000
0000
0000
0000
0000
0000
0000
0000
0000
0000
0000
0000
0000
0000
0000
0000
0000
0000
0000
0000
0000
0000
0000
0000
0000
0000
0000
0000
0000
0000
0000
0000
0000
0000
0000
0000
0000
0040
1A7F
1A7E
1A7D
1A7C
1A7B
1A7A
1A79
1A78
1A77
1A76
1A75
1A74
1A73
1A72
1A71
1A70
1A6F
1A6E
1A6D
1A6C
1A6B
1A6A
1A69
1A68
1A67
1A66
1A65
1A64
1A63
1A62
1A61
1A60
1A5F
1A5E
1A5D
1A5C
1A5B
1A5A
1A59
1A58
1A57
1A56
1A55
1A54
1A53
1A52
1A51
1A50
1A4F
1A4E
1A4D
1A4C
1A4B
1A4A
1A49
1A48
1A47
1A46
1A45
1A44
1A43
1A42
1A41
1A40
