0000
0000
0000
0000
0000
0000
0000
0000
0000
0000
0000
0000
0000
0000
0000
0000
0000
0000
0000
0000
0000
0000
0000
0000
0000
0000
0000
0000
0000
0000
0000
0000
0000
0000
0000
0000
0000
0000
0000
0000
0000
0000
0000
0000
0000
0000
0000
0000
0000
0000
0000
0000
0000
0000
0000
0000
0000
0000
0000
0000
0000
0000
0000
0000
0000
0000
0000
0000
0000
0000
0000
0000
0000
0000
0000
0000
0000
0000
0000
0000
0000
0000
0000
0000
0000
0000
0000
0000
0000
0000
0000
0000
0000
0000
0000
0000
0000
0000
0000
0000
0000
0000
0000
0000
0000
0000
0000
0000
0000
0000
0000
0000
0000
0000
0000
0000
0000
0000
0000
0000
0000
0000
0000
0000
0000
0000
0000
0000
0000
0000
0000
0000
0000
0000
0000
0000
0000
0000
0000
0000
0000
0000
0000
0000
0000
0000
0000
0000
0000
0000
0000
0000
0000
0000
0000
0000
0000
0000
0000
0000
0000
0000
0000
0000
0000
0000
0000
0000
0000
0000
0000
0000
0000
0000
0000
0000
0000
0000
0000
0000
0000
0000
0000
0000
0000
0000
0000
0000
0000
0000
0000
0040
2E7F
2E7E
2E7D
2E7C
2E7B
2E7A
2E79
2E78
2E77
2E76
2E75
2E74
2E73
2E72
2E71
2E70
2E6F
2E6E
2E6D
2E6C
2E6B
2E6A
2E69
2E68
2E67
2E66
2E65
2E64
2E63
2E62
2E61
2E60
2E5F
2E5E
2E5D
2E5C
2E5B
2E5A
2E59
2E58
2E57
2E56
2E55
2E54
2E53
2E52
2E51
2E50
2E4F
2E4E
2E4D
2E4C
2E4B
2E4A
2E49
2E48
2E47
2E46
2E45
2E44
2E43
2E42
2E41
2E40
