0000
0000
0000
0000
0000
0000
0000
0000
0000
0000
0000
0000
0000
0000
0000
0000
0000
0000
0000
0000
0000
0000
0000
0000
0000
0000
0000
0000
0000
0000
0000
0000
0000
0000
0000
0000
0000
0000
0000
0000
0000
0000
0000
0000
0000
0000
0000
0000
0000
0000
0000
0000
0000
0000
0000
0000
0000
0000
0000
0000
0000
0000
0000
0000
0000
0000
0000
0000
0000
0000
0000
0000
0000
0000
0000
0000
0000
0000
0000
0000
0000
0000
0000
0000
0000
0000
0000
0000
0000
0000
0000
0000
0000
0000
0000
0000
0000
0000
0000
0000
0000
0000
0000
0000
0000
0000
0000
0000
0000
0000
0000
0000
0000
0000
0000
0000
0000
0000
0000
0000
0000
0000
0000
0000
0000
0000
0000
0000
0000
0000
0000
0000
0000
0000
0000
0000
0000
0000
0000
0000
0000
0000
0000
0000
0000
0000
0000
0000
0000
0000
0000
0000
0000
0000
0000
0000
0000
0000
0000
0000
0000
0000
0000
0000
0000
0000
0000
0000
0000
0000
0000
0000
0000
0000
0000
0000
0000
0000
0000
0000
0000
0000
0000
0000
0000
0000
0000
0000
0000
0000
0000
0040
06FF
06FE
06FD
06FC
06FB
06FA
06F9
06F8
06F7
06F6
06F5
06F4
06F3
06F2
06F1
06F0
06EF
06EE
06ED
06EC
06EB
06EA
06E9
06E8
06E7
06E6
06E5
06E4
06E3
06E2
06E1
06E0
06DF
06DE
06DD
06DC
06DB
06DA
06D9
06D8
06D7
06D6
06D5
06D4
06D3
06D2
06D1
06D0
06CF
06CE
06CD
06CC
06CB
06CA
06C9
06C8
06C7
06C6
06C5
06C4
06C3
06C2
06C1
06C0
