0000
0000
0000
0000
0000
0000
0000
0000
0000
0000
0000
0000
0000
0000
0000
0000
0000
0000
0000
0000
0000
0000
0000
0000
0000
0000
0000
0000
0000
0000
0000
0000
0000
0000
0000
0000
0000
0000
0000
0000
0000
0000
0000
0000
0000
0000
0000
0000
0000
0000
0000
0000
0000
0000
0000
0000
0000
0000
0000
0000
0000
0000
0000
0000
0000
0000
0000
0000
0000
0000
0000
0000
0000
0000
0000
0000
0000
0000
0000
0000
0000
0000
0000
0000
0000
0000
0000
0000
0000
0000
0000
0000
0000
0000
0000
0000
0000
0000
0000
0000
0000
0000
0000
0000
0000
0000
0000
0000
0000
0000
0000
0000
0000
0000
0000
0000
0000
0000
0000
0000
0000
0000
0000
0000
0000
0000
0000
0000
0000
0000
0000
0000
0000
0000
0000
0000
0000
0000
0000
0000
0000
0000
0000
0000
0000
0000
0000
0000
0000
0000
0000
0000
0000
0000
0000
0000
0000
0000
0000
0000
0000
0000
0000
0000
0000
0000
0000
0000
0000
0000
0000
0000
0000
0000
0000
0000
0000
0000
0000
0000
0000
0000
0000
0000
0000
0000
0000
0000
0000
0000
0000
0040
0B3F
0B3E
0B3D
0B3C
0B3B
0B3A
0B39
0B38
0B37
0B36
0B35
0B34
0B33
0B32
0B31
0B30
0B2F
0B2E
0B2D
0B2C
0B2B
0B2A
0B29
0B28
0B27
0B26
0B25
0B24
0B23
0B22
0B21
0B20
0B1F
0B1E
0B1D
0B1C
0B1B
0B1A
0B19
0B18
0B17
0B16
0B15
0B14
0B13
0B12
0B11
0B10
0B0F
0B0E
0B0D
0B0C
0B0B
0B0A
0B09
0B08
0B07
0B06
0B05
0B04
0B03
0B02
0B01
0B00
