0000
0000
0000
0000
0000
0000
0000
0000
0000
0000
0000
0000
0000
0000
0000
0000
0000
0000
0000
0000
0000
0000
0000
0000
0000
0000
0000
0000
0000
0000
0000
0000
0000
0000
0000
0000
0000
0000
0000
0000
0000
0000
0000
0000
0000
0000
0000
0000
0000
0000
0000
0000
0000
0000
0000
0000
0000
0000
0000
0000
0000
0000
0000
0000
0000
0000
0000
0000
0000
0000
0000
0000
0000
0000
0000
0000
0000
0000
0000
0000
0000
0000
0000
0000
0000
0000
0000
0000
0000
0000
0000
0000
0000
0000
0000
0000
0000
0000
0000
0000
0000
0000
0000
0000
0000
0000
0000
0000
0000
0000
0000
0000
0000
0000
0000
0000
0000
0000
0000
0000
0000
0000
0000
0000
0000
0000
0000
0000
0000
0000
0000
0000
0000
0000
0000
0000
0000
0000
0000
0000
0000
0000
0000
0000
0000
0000
0000
0000
0000
0000
0000
0000
0000
0000
0000
0000
0000
0000
0000
0000
0000
0000
0000
0000
0000
0000
0000
0000
0000
0000
0000
0000
0000
0000
0000
0000
0000
0000
0000
0000
0000
0000
0000
0000
0000
0000
0000
0000
0000
0000
0000
0040
21FF
21FE
21FD
21FC
21FB
21FA
21F9
21F8
21F7
21F6
21F5
21F4
21F3
21F2
21F1
21F0
21EF
21EE
21ED
21EC
21EB
21EA
21E9
21E8
21E7
21E6
21E5
21E4
21E3
21E2
21E1
21E0
21DF
21DE
21DD
21DC
21DB
21DA
21D9
21D8
21D7
21D6
21D5
21D4
21D3
21D2
21D1
21D0
21CF
21CE
21CD
21CC
21CB
21CA
21C9
21C8
21C7
21C6
21C5
21C4
21C3
21C2
21C1
21C0
