0000
0000
0000
0000
0000
0000
0000
0000
0000
0000
0000
0000
0000
0000
0000
0000
0000
0000
0000
0000
0000
0000
0000
0000
0000
0000
0000
0000
0000
0000
0000
0000
0000
0000
0000
0000
0000
0000
0000
0000
0000
0000
0000
0000
0000
0000
0000
0000
0000
0000
0000
0000
0000
0000
0000
0000
0000
0000
0000
0000
0000
0000
0000
0000
0000
0000
0000
0000
0000
0000
0000
0000
0000
0000
0000
0000
0000
0000
0000
0000
0000
0000
0000
0000
0000
0000
0000
0000
0000
0000
0000
0000
0000
0000
0000
0000
0000
0000
0000
0000
0000
0000
0000
0000
0000
0000
0000
0000
0000
0000
0000
0000
0000
0000
0000
0000
0000
0000
0000
0000
0000
0000
0000
0000
0000
0000
0000
0000
0000
0000
0000
0000
0000
0000
0000
0000
0000
0000
0000
0000
0000
0000
0000
0000
0000
0000
0000
0000
0000
0000
0000
0000
0000
0000
0000
0000
0000
0000
0000
0000
0000
0000
0000
0000
0000
0000
0000
0000
0000
0000
0000
0000
0000
0000
0000
0000
0000
0000
0000
0000
0000
0000
0000
0000
0000
0000
0000
0000
0000
0000
0000
0040
1D7F
1D7E
1D7D
1D7C
1D7B
1D7A
1D79
1D78
1D77
1D76
1D75
1D74
1D73
1D72
1D71
1D70
1D6F
1D6E
1D6D
1D6C
1D6B
1D6A
1D69
1D68
1D67
1D66
1D65
1D64
1D63
1D62
1D61
1D60
1D5F
1D5E
1D5D
1D5C
1D5B
1D5A
1D59
1D58
1D57
1D56
1D55
1D54
1D53
1D52
1D51
1D50
1D4F
1D4E
1D4D
1D4C
1D4B
1D4A
1D49
1D48
1D47
1D46
1D45
1D44
1D43
1D42
1D41
1D40
