0000
0000
0000
0000
0000
0000
0000
0000
0000
0000
0000
0000
0000
0000
0000
0000
0000
0000
0000
0000
0000
0000
0000
0000
0000
0000
0000
0000
0000
0000
0000
0000
0000
0000
0000
0000
0000
0000
0000
0000
0000
0000
0000
0000
0000
0000
0000
0000
0000
0000
0000
0000
0000
0000
0000
0000
0000
0000
0000
0000
0000
0000
0000
0000
0000
0000
0000
0000
0000
0000
0000
0000
0000
0000
0000
0000
0000
0000
0000
0000
0000
0000
0000
0000
0000
0000
0000
0000
0000
0000
0000
0000
0000
0000
0000
0000
0000
0000
0000
0000
0000
0000
0000
0000
0000
0000
0000
0000
0000
0000
0000
0000
0000
0000
0000
0000
0000
0000
0000
0000
0000
0000
0000
0000
0000
0000
0000
0000
0000
0000
0000
0000
0000
0000
0000
0000
0000
0000
0000
0000
0000
0000
0000
0000
0000
0000
0000
0000
0000
0000
0000
0000
0000
0000
0000
0000
0000
0000
0000
0000
0000
0000
0000
0000
0000
0000
0000
0000
0000
0000
0000
0000
0000
0000
0000
0000
0000
0000
0000
0000
0000
0000
0000
0000
0000
0000
0000
0000
0000
0000
0000
0040
4CBF
4CBE
4CBD
4CBC
4CBB
4CBA
4CB9
4CB8
4CB7
4CB6
4CB5
4CB4
4CB3
4CB2
4CB1
4CB0
4CAF
4CAE
4CAD
4CAC
4CAB
4CAA
4CA9
4CA8
4CA7
4CA6
4CA5
4CA4
4CA3
4CA2
4CA1
4CA0
4C9F
4C9E
4C9D
4C9C
4C9B
4C9A
4C99
4C98
4C97
4C96
4C95
4C94
4C93
4C92
4C91
4C90
4C8F
4C8E
4C8D
4C8C
4C8B
4C8A
4C89
4C88
4C87
4C86
4C85
4C84
4C83
4C82
4C81
4C80
