0000
0000
0000
0000
0000
0000
0000
0000
0000
0000
0000
0000
0000
0000
0000
0000
0000
0000
0000
0000
0000
0000
0000
0000
0000
0000
0000
0000
0000
0000
0000
0000
0000
0000
0000
0000
0000
0000
0000
0000
0000
0000
0000
0000
0000
0000
0000
0000
0000
0000
0000
0000
0000
0000
0000
0000
0000
0000
0000
0000
0000
0000
0000
0000
0000
0000
0000
0000
0000
0000
0000
0000
0000
0000
0000
0000
0000
0000
0000
0000
0000
0000
0000
0000
0000
0000
0000
0000
0000
0000
0000
0000
0000
0000
0000
0000
0000
0000
0000
0000
0000
0000
0000
0000
0000
0000
0000
0000
0000
0000
0000
0000
0000
0000
0000
0000
0000
0000
0000
0000
0000
0000
0000
0000
0000
0000
0000
0000
0000
0000
0000
0000
0000
0000
0000
0000
0000
0000
0000
0000
0000
0000
0000
0000
0000
0000
0000
0000
0000
0000
0000
0000
0000
0000
0000
0000
0000
0000
0000
0000
0000
0000
0000
0000
0000
0000
0000
0000
0000
0000
0000
0000
0000
0000
0000
0000
0000
0000
0000
0000
0000
0000
0000
0000
0000
0000
0000
0000
0000
0000
0000
0040
48FF
48FE
48FD
48FC
48FB
48FA
48F9
48F8
48F7
48F6
48F5
48F4
48F3
48F2
48F1
48F0
48EF
48EE
48ED
48EC
48EB
48EA
48E9
48E8
48E7
48E6
48E5
48E4
48E3
48E2
48E1
48E0
48DF
48DE
48DD
48DC
48DB
48DA
48D9
48D8
48D7
48D6
48D5
48D4
48D3
48D2
48D1
48D0
48CF
48CE
48CD
48CC
48CB
48CA
48C9
48C8
48C7
48C6
48C5
48C4
48C3
48C2
48C1
48C0
