0000
0000
0000
0000
0000
0000
0000
0000
0000
0000
0000
0000
0000
0000
0000
0000
0000
0000
0000
0000
0000
0000
0000
0000
0000
0000
0000
0000
0000
0000
0000
0000
0000
0000
0000
0000
0000
0000
0000
0000
0000
0000
0000
0000
0000
0000
0000
0000
0000
0000
0000
0000
0000
0000
0000
0000
0000
0000
0000
0000
0000
0000
0000
0000
0000
0000
0000
0000
0000
0000
0000
0000
0000
0000
0000
0000
0000
0000
0000
0000
0000
0000
0000
0000
0000
0000
0000
0000
0000
0000
0000
0000
0000
0000
0000
0000
0000
0000
0000
0000
0000
0000
0000
0000
0000
0000
0000
0000
0000
0000
0000
0000
0000
0000
0000
0000
0000
0000
0000
0000
0000
0000
0000
0000
0000
0000
0000
0000
0000
0000
0000
0000
0000
0000
0000
0000
0000
0000
0000
0000
0000
0000
0000
0000
0000
0000
0000
0000
0000
0000
0000
0000
0000
0000
0000
0000
0000
0000
0000
0000
0000
0000
0000
0000
0000
0000
0000
0000
0000
0000
0000
0000
0000
0000
0000
0000
0000
0000
0000
0000
0000
0000
0000
0000
0000
0000
0000
0000
0000
0000
0000
0040
3C3F
3C3E
3C3D
3C3C
3C3B
3C3A
3C39
3C38
3C37
3C36
3C35
3C34
3C33
3C32
3C31
3C30
3C2F
3C2E
3C2D
3C2C
3C2B
3C2A
3C29
3C28
3C27
3C26
3C25
3C24
3C23
3C22
3C21
3C20
3C1F
3C1E
3C1D
3C1C
3C1B
3C1A
3C19
3C18
3C17
3C16
3C15
3C14
3C13
3C12
3C11
3C10
3C0F
3C0E
3C0D
3C0C
3C0B
3C0A
3C09
3C08
3C07
3C06
3C05
3C04
3C03
3C02
3C01
3C00
