0000
0000
0000
0000
0000
0000
0000
0000
0000
0000
0000
0000
0000
0000
0000
0000
0000
0000
0000
0000
0000
0000
0000
0000
0000
0000
0000
0000
0000
0000
0000
0000
0000
0000
0000
0000
0000
0000
0000
0000
0000
0000
0000
0000
0000
0000
0000
0000
0000
0000
0000
0000
0000
0000
0000
0000
0000
0000
0000
0000
0000
0000
0000
0000
0000
0000
0000
0000
0000
0000
0000
0000
0000
0000
0000
0000
0000
0000
0000
0000
0000
0000
0000
0000
0000
0000
0000
0000
0000
0000
0000
0000
0000
0000
0000
0000
0000
0000
0000
0000
0000
0000
0000
0000
0000
0000
0000
0000
0000
0000
0000
0000
0000
0000
0000
0000
0000
0000
0000
0000
0000
0000
0000
0000
0000
0000
0000
0000
0000
0000
0000
0000
0000
0000
0000
0000
0000
0000
0000
0000
0000
0000
0000
0000
0000
0000
0000
0000
0000
0000
0000
0000
0000
0000
0000
0000
0000
0000
0000
0000
0000
0000
0000
0000
0000
0000
0000
0000
0000
0000
0000
0000
0000
0000
0000
0000
0000
0000
0000
0000
0000
0000
0000
0000
0000
0000
0000
0000
0000
0000
0000
0040
0FFF
0FFE
0FFD
0FFC
0FFB
0FFA
0FF9
0FF8
0FF7
0FF6
0FF5
0FF4
0FF3
0FF2
0FF1
0FF0
0FEF
0FEE
0FED
0FEC
0FEB
0FEA
0FE9
0FE8
0FE7
0FE6
0FE5
0FE4
0FE3
0FE2
0FE1
0FE0
0FDF
0FDE
0FDD
0FDC
0FDB
0FDA
0FD9
0FD8
0FD7
0FD6
0FD5
0FD4
0FD3
0FD2
0FD1
0FD0
0FCF
0FCE
0FCD
0FCC
0FCB
0FCA
0FC9
0FC8
0FC7
0FC6
0FC5
0FC4
0FC3
0FC2
0FC1
0FC0
