0000
0000
0000
0000
0000
0000
0000
0000
0000
0000
0000
0000
0000
0000
0000
0000
0000
0000
0000
0000
0000
0000
0000
0000
0000
0000
0000
0000
0000
0000
0000
0000
0000
0000
0000
0000
0000
0000
0000
0000
0000
0000
0000
0000
0000
0000
0000
0000
0000
0000
0000
0000
0000
0000
0000
0000
0000
0000
0000
0000
0000
0000
0000
0000
0000
0000
0000
0000
0000
0000
0000
0000
0000
0000
0000
0000
0000
0000
0000
0000
0000
0000
0000
0000
0000
0000
0000
0000
0000
0000
0000
0000
0000
0000
0000
0000
0000
0000
0000
0000
0000
0000
0000
0000
0000
0000
0000
0000
0000
0000
0000
0000
0000
0000
0000
0000
0000
0000
0000
0000
0000
0000
0000
0000
0000
0000
0000
0000
0000
0000
0000
0000
0000
0000
0000
0000
0000
0000
0000
0000
0000
0000
0000
0000
0000
0000
0000
0000
0000
0000
0000
0000
0000
0000
0000
0000
0000
0000
0000
0000
0000
0000
0000
0000
0000
0000
0000
0000
0000
0000
0000
0000
0000
0000
0000
0000
0000
0000
0000
0000
0000
0000
0000
0000
0000
0000
0000
0000
0000
0000
0000
0040
2C3F
2C3E
2C3D
2C3C
2C3B
2C3A
2C39
2C38
2C37
2C36
2C35
2C34
2C33
2C32
2C31
2C30
2C2F
2C2E
2C2D
2C2C
2C2B
2C2A
2C29
2C28
2C27
2C26
2C25
2C24
2C23
2C22
2C21
2C20
2C1F
2C1E
2C1D
2C1C
2C1B
2C1A
2C19
2C18
2C17
2C16
2C15
2C14
2C13
2C12
2C11
2C10
2C0F
2C0E
2C0D
2C0C
2C0B
2C0A
2C09
2C08
2C07
2C06
2C05
2C04
2C03
2C02
2C01
2C00
