0000
0000
0000
0000
0000
0000
0000
0000
0000
0000
0000
0000
0000
0000
0000
0000
0000
0000
0000
0000
0000
0000
0000
0000
0000
0000
0000
0000
0000
0000
0000
0000
0000
0000
0000
0000
0000
0000
0000
0000
0000
0000
0000
0000
0000
0000
0000
0000
0000
0000
0000
0000
0000
0000
0000
0000
0000
0000
0000
0000
0000
0000
0000
0000
0000
0000
0000
0000
0000
0000
0000
0000
0000
0000
0000
0000
0000
0000
0000
0000
0000
0000
0000
0000
0000
0000
0000
0000
0000
0000
0000
0000
0000
0000
0000
0000
0000
0000
0000
0000
0000
0000
0000
0000
0000
0000
0000
0000
0000
0000
0000
0000
0000
0000
0000
0000
0000
0000
0000
0000
0000
0000
0000
0000
0000
0000
0000
0000
0000
0000
0000
0000
0000
0000
0000
0000
0000
0000
0000
0000
0000
0000
0000
0000
0000
0000
0000
0000
0000
0000
0000
0000
0000
0000
0000
0000
0000
0000
0000
0000
0000
0000
0000
0000
0000
0000
0000
0000
0000
0000
0000
0000
0000
0000
0000
0000
0000
0000
0000
0000
0000
0000
0000
0000
0000
0000
0000
0000
0000
0000
0000
0040
2DFF
2DFE
2DFD
2DFC
2DFB
2DFA
2DF9
2DF8
2DF7
2DF6
2DF5
2DF4
2DF3
2DF2
2DF1
2DF0
2DEF
2DEE
2DED
2DEC
2DEB
2DEA
2DE9
2DE8
2DE7
2DE6
2DE5
2DE4
2DE3
2DE2
2DE1
2DE0
2DDF
2DDE
2DDD
2DDC
2DDB
2DDA
2DD9
2DD8
2DD7
2DD6
2DD5
2DD4
2DD3
2DD2
2DD1
2DD0
2DCF
2DCE
2DCD
2DCC
2DCB
2DCA
2DC9
2DC8
2DC7
2DC6
2DC5
2DC4
2DC3
2DC2
2DC1
2DC0
