0000
0000
0000
0000
0000
0000
0000
0000
0000
0000
0000
0000
0000
0000
0000
0000
0000
0000
0000
0000
0000
0000
0000
0000
0000
0000
0000
0000
0000
0000
0000
0000
0000
0000
0000
0000
0000
0000
0000
0000
0000
0000
0000
0000
0000
0000
0000
0000
0000
0000
0000
0000
0000
0000
0000
0000
0000
0000
0000
0000
0000
0000
0000
0000
0000
0000
0000
0000
0000
0000
0000
0000
0000
0000
0000
0000
0000
0000
0000
0000
0000
0000
0000
0000
0000
0000
0000
0000
0000
0000
0000
0000
0000
0000
0000
0000
0000
0000
0000
0000
0000
0000
0000
0000
0000
0000
0000
0000
0000
0000
0000
0000
0000
0000
0000
0000
0000
0000
0000
0000
0000
0000
0000
0000
0000
0000
0000
0000
0000
0000
0000
0000
0000
0000
0000
0000
0000
0000
0000
0000
0000
0000
0000
0000
0000
0000
0000
0000
0000
0000
0000
0000
0000
0000
0000
0000
0000
0000
0000
0000
0000
0000
0000
0000
0000
0000
0000
0000
0000
0000
0000
0000
0000
0000
0000
0000
0000
0000
0000
0000
0000
0000
0000
0000
0000
0000
0000
0000
0000
0000
0000
0040
4C7F
4C7E
4C7D
4C7C
4C7B
4C7A
4C79
4C78
4C77
4C76
4C75
4C74
4C73
4C72
4C71
4C70
4C6F
4C6E
4C6D
4C6C
4C6B
4C6A
4C69
4C68
4C67
4C66
4C65
4C64
4C63
4C62
4C61
4C60
4C5F
4C5E
4C5D
4C5C
4C5B
4C5A
4C59
4C58
4C57
4C56
4C55
4C54
4C53
4C52
4C51
4C50
4C4F
4C4E
4C4D
4C4C
4C4B
4C4A
4C49
4C48
4C47
4C46
4C45
4C44
4C43
4C42
4C41
4C40
