0000
0000
0000
0000
0000
0000
0000
0000
0000
0000
0000
0000
0000
0000
0000
0000
0000
0000
0000
0000
0000
0000
0000
0000
0000
0000
0000
0000
0000
0000
0000
0000
0000
0000
0000
0000
0000
0000
0000
0000
0000
0000
0000
0000
0000
0000
0000
0000
0000
0000
0000
0000
0000
0000
0000
0000
0000
0000
0000
0000
0000
0000
0000
0000
0000
0000
0000
0000
0000
0000
0000
0000
0000
0000
0000
0000
0000
0000
0000
0000
0000
0000
0000
0000
0000
0000
0000
0000
0000
0000
0000
0000
0000
0000
0000
0000
0000
0000
0000
0000
0000
0000
0000
0000
0000
0000
0000
0000
0000
0000
0000
0000
0000
0000
0000
0000
0000
0000
0000
0000
0000
0000
0000
0000
0000
0000
0000
0000
0000
0000
0000
0000
0000
0000
0000
0000
0000
0000
0000
0000
0000
0000
0000
0000
0000
0000
0000
0000
0000
0000
0000
0000
0000
0000
0000
0000
0000
0000
0000
0000
0000
0000
0000
0000
0000
0000
0000
0000
0000
0000
0000
0000
0000
0000
0000
0000
0000
0000
0000
0000
0000
0000
0000
0000
0000
0000
0000
0000
0000
0000
0000
0040
1BFF
1BFE
1BFD
1BFC
1BFB
1BFA
1BF9
1BF8
1BF7
1BF6
1BF5
1BF4
1BF3
1BF2
1BF1
1BF0
1BEF
1BEE
1BED
1BEC
1BEB
1BEA
1BE9
1BE8
1BE7
1BE6
1BE5
1BE4
1BE3
1BE2
1BE1
1BE0
1BDF
1BDE
1BDD
1BDC
1BDB
1BDA
1BD9
1BD8
1BD7
1BD6
1BD5
1BD4
1BD3
1BD2
1BD1
1BD0
1BCF
1BCE
1BCD
1BCC
1BCB
1BCA
1BC9
1BC8
1BC7
1BC6
1BC5
1BC4
1BC3
1BC2
1BC1
1BC0
