0000
0000
0000
0000
0000
0000
0000
0000
0000
0000
0000
0000
0000
0000
0000
0000
0000
0000
0000
0000
0000
0000
0000
0000
0000
0000
0000
0000
0000
0000
0000
0000
0000
0000
0000
0000
0000
0000
0000
0000
0000
0000
0000
0000
0000
0000
0000
0000
0000
0000
0000
0000
0000
0000
0000
0000
0000
0000
0000
0000
0000
0000
0000
0000
0000
0000
0000
0000
0000
0000
0000
0000
0000
0000
0000
0000
0000
0000
0000
0000
0000
0000
0000
0000
0000
0000
0000
0000
0000
0000
0000
0000
0000
0000
0000
0000
0000
0000
0000
0000
0000
0000
0000
0000
0000
0000
0000
0000
0000
0000
0000
0000
0000
0000
0000
0000
0000
0000
0000
0000
0000
0000
0000
0000
0000
0000
0000
0000
0000
0000
0000
0000
0000
0000
0000
0000
0000
0000
0000
0000
0000
0000
0000
0000
0000
0000
0000
0000
0000
0000
0000
0000
0000
0000
0000
0000
0000
0000
0000
0000
0000
0000
0000
0000
0000
0000
0000
0000
0000
0000
0000
0000
0000
0000
0000
0000
0000
0000
0000
0000
0000
0000
0000
0000
0000
0000
0000
0000
0000
0000
0000
0040
11FF
11FE
11FD
11FC
11FB
11FA
11F9
11F8
11F7
11F6
11F5
11F4
11F3
11F2
11F1
11F0
11EF
11EE
11ED
11EC
11EB
11EA
11E9
11E8
11E7
11E6
11E5
11E4
11E3
11E2
11E1
11E0
11DF
11DE
11DD
11DC
11DB
11DA
11D9
11D8
11D7
11D6
11D5
11D4
11D3
11D2
11D1
11D0
11CF
11CE
11CD
11CC
11CB
11CA
11C9
11C8
11C7
11C6
11C5
11C4
11C3
11C2
11C1
11C0
