0000
0000
0000
0000
0000
0000
0000
0000
0000
0000
0000
0000
0000
0000
0000
0000
0000
0000
0000
0000
0000
0000
0000
0000
0000
0000
0000
0000
0000
0000
0000
0000
0000
0000
0000
0000
0000
0000
0000
0000
0000
0000
0000
0000
0000
0000
0000
0000
0000
0000
0000
0000
0000
0000
0000
0000
0000
0000
0000
0000
0000
0000
0000
0000
0000
0000
0000
0000
0000
0000
0000
0000
0000
0000
0000
0000
0000
0000
0000
0000
0000
0000
0000
0000
0000
0000
0000
0000
0000
0000
0000
0000
0000
0000
0000
0000
0000
0000
0000
0000
0000
0000
0000
0000
0000
0000
0000
0000
0000
0000
0000
0000
0000
0000
0000
0000
0000
0000
0000
0000
0000
0000
0000
0000
0000
0000
0000
0000
0000
0000
0000
0000
0000
0000
0000
0000
0000
0000
0000
0000
0000
0000
0000
0000
0000
0000
0000
0000
0000
0000
0000
0000
0000
0000
0000
0000
0000
0000
0000
0000
0000
0000
0000
0000
0000
0000
0000
0000
0000
0000
0000
0000
0000
0000
0000
0000
0000
0000
0000
0000
0000
0000
0000
0000
0000
0000
0000
0000
0000
0000
0000
0040
23FF
23FE
23FD
23FC
23FB
23FA
23F9
23F8
23F7
23F6
23F5
23F4
23F3
23F2
23F1
23F0
23EF
23EE
23ED
23EC
23EB
23EA
23E9
23E8
23E7
23E6
23E5
23E4
23E3
23E2
23E1
23E0
23DF
23DE
23DD
23DC
23DB
23DA
23D9
23D8
23D7
23D6
23D5
23D4
23D3
23D2
23D1
23D0
23CF
23CE
23CD
23CC
23CB
23CA
23C9
23C8
23C7
23C6
23C5
23C4
23C3
23C2
23C1
23C0
