0000
0000
0000
0000
0000
0000
0000
0000
0000
0000
0000
0000
0000
0000
0000
0000
0000
0000
0000
0000
0000
0000
0000
0000
0000
0000
0000
0000
0000
0000
0000
0000
0000
0000
0000
0000
0000
0000
0000
0000
0000
0000
0000
0000
0000
0000
0000
0000
0000
0000
0000
0000
0000
0000
0000
0000
0000
0000
0000
0000
0000
0000
0000
0000
0000
0000
0000
0000
0000
0000
0000
0000
0000
0000
0000
0000
0000
0000
0000
0000
0000
0000
0000
0000
0000
0000
0000
0000
0000
0000
0000
0000
0000
0000
0000
0000
0000
0000
0000
0000
0000
0000
0000
0000
0000
0000
0000
0000
0000
0000
0000
0000
0000
0000
0000
0000
0000
0000
0000
0000
0000
0000
0000
0000
0000
0000
0000
0000
0000
0000
0000
0000
0000
0000
0000
0000
0000
0000
0000
0000
0000
0000
0000
0000
0000
0000
0000
0000
0000
0000
0000
0000
0000
0000
0000
0000
0000
0000
0000
0000
0000
0000
0000
0000
0000
0000
0000
0000
0000
0000
0000
0000
0000
0000
0000
0000
0000
0000
0000
0000
0000
0000
0000
0000
0000
0000
0000
0000
0000
0000
0000
0040
3C7F
3C7E
3C7D
3C7C
3C7B
3C7A
3C79
3C78
3C77
3C76
3C75
3C74
3C73
3C72
3C71
3C70
3C6F
3C6E
3C6D
3C6C
3C6B
3C6A
3C69
3C68
3C67
3C66
3C65
3C64
3C63
3C62
3C61
3C60
3C5F
3C5E
3C5D
3C5C
3C5B
3C5A
3C59
3C58
3C57
3C56
3C55
3C54
3C53
3C52
3C51
3C50
3C4F
3C4E
3C4D
3C4C
3C4B
3C4A
3C49
3C48
3C47
3C46
3C45
3C44
3C43
3C42
3C41
3C40
