0000
0000
0000
0000
0000
0000
0000
0000
0000
0000
0000
0000
0000
0000
0000
0000
0000
0000
0000
0000
0000
0000
0000
0000
0000
0000
0000
0000
0000
0000
0000
0000
0000
0000
0000
0000
0000
0000
0000
0000
0000
0000
0000
0000
0000
0000
0000
0000
0000
0000
0000
0000
0000
0000
0000
0000
0000
0000
0000
0000
0000
0000
0000
0000
0000
0000
0000
0000
0000
0000
0000
0000
0000
0000
0000
0000
0000
0000
0000
0000
0000
0000
0000
0000
0000
0000
0000
0000
0000
0000
0000
0000
0000
0000
0000
0000
0000
0000
0000
0000
0000
0000
0000
0000
0000
0000
0000
0000
0000
0000
0000
0000
0000
0000
0000
0000
0000
0000
0000
0000
0000
0000
0000
0000
0000
0000
0000
0000
0000
0000
0000
0000
0000
0000
0000
0000
0000
0000
0000
0000
0000
0000
0000
0000
0000
0000
0000
0000
0000
0000
0000
0000
0000
0000
0000
0000
0000
0000
0000
0000
0000
0000
0000
0000
0000
0000
0000
0000
0000
0000
0000
0000
0000
0000
0000
0000
0000
0000
0000
0000
0000
0000
0000
0000
0000
0000
0000
0000
0000
0000
0000
0040
1F3F
1F3E
1F3D
1F3C
1F3B
1F3A
1F39
1F38
1F37
1F36
1F35
1F34
1F33
1F32
1F31
1F30
1F2F
1F2E
1F2D
1F2C
1F2B
1F2A
1F29
1F28
1F27
1F26
1F25
1F24
1F23
1F22
1F21
1F20
1F1F
1F1E
1F1D
1F1C
1F1B
1F1A
1F19
1F18
1F17
1F16
1F15
1F14
1F13
1F12
1F11
1F10
1F0F
1F0E
1F0D
1F0C
1F0B
1F0A
1F09
1F08
1F07
1F06
1F05
1F04
1F03
1F02
1F01
1F00
