0000
0000
0000
0000
0000
0000
0000
0000
0000
0000
0000
0000
0000
0000
0000
0000
0000
0000
0000
0000
0000
0000
0000
0000
0000
0000
0000
0000
0000
0000
0000
0000
0000
0000
0000
0000
0000
0000
0000
0000
0000
0000
0000
0000
0000
0000
0000
0000
0000
0000
0000
0000
0000
0000
0000
0000
0000
0000
0000
0000
0000
0000
0000
0000
0000
0000
0000
0000
0000
0000
0000
0000
0000
0000
0000
0000
0000
0000
0000
0000
0000
0000
0000
0000
0000
0000
0000
0000
0000
0000
0000
0000
0000
0000
0000
0000
0000
0000
0000
0000
0000
0000
0000
0000
0000
0000
0000
0000
0000
0000
0000
0000
0000
0000
0000
0000
0000
0000
0000
0000
0000
0000
0000
0000
0000
0000
0000
0000
0000
0000
0000
0000
0000
0000
0000
0000
0000
0000
0000
0000
0000
0000
0000
0000
0000
0000
0000
0000
0000
0000
0000
0000
0000
0000
0000
0000
0000
0000
0000
0000
0000
0000
0000
0000
0000
0000
0000
0000
0000
0000
0000
0000
0000
0000
0000
0000
0000
0000
0000
0000
0000
0000
0000
0000
0000
0000
0000
0000
0000
0000
0000
0040
46FF
46FE
46FD
46FC
46FB
46FA
46F9
46F8
46F7
46F6
46F5
46F4
46F3
46F2
46F1
46F0
46EF
46EE
46ED
46EC
46EB
46EA
46E9
46E8
46E7
46E6
46E5
46E4
46E3
46E2
46E1
46E0
46DF
46DE
46DD
46DC
46DB
46DA
46D9
46D8
46D7
46D6
46D5
46D4
46D3
46D2
46D1
46D0
46CF
46CE
46CD
46CC
46CB
46CA
46C9
46C8
46C7
46C6
46C5
46C4
46C3
46C2
46C1
46C0
