0000
0000
0000
0000
0000
0000
0000
0000
0000
0000
0000
0000
0000
0000
0000
0000
0000
0000
0000
0000
0000
0000
0000
0000
0000
0000
0000
0000
0000
0000
0000
0000
0000
0000
0000
0000
0000
0000
0000
0000
0000
0000
0000
0000
0000
0000
0000
0000
0000
0000
0000
0000
0000
0000
0000
0000
0000
0000
0000
0000
0000
0000
0000
0000
0000
0000
0000
0000
0000
0000
0000
0000
0000
0000
0000
0000
0000
0000
0000
0000
0000
0000
0000
0000
0000
0000
0000
0000
0000
0000
0000
0000
0000
0000
0000
0000
0000
0000
0000
0000
0000
0000
0000
0000
0000
0000
0000
0000
0000
0000
0000
0000
0000
0000
0000
0000
0000
0000
0000
0000
0000
0000
0000
0000
0000
0000
0000
0000
0000
0000
0000
0000
0000
0000
0000
0000
0000
0000
0000
0000
0000
0000
0000
0000
0000
0000
0000
0000
0000
0000
0000
0000
0000
0000
0000
0000
0000
0000
0000
0000
0000
0000
0000
0000
0000
0000
0000
0000
0000
0000
0000
0000
0000
0000
0000
0000
0000
0000
0000
0000
0000
0000
0000
0000
0000
0000
0000
0000
0000
0000
0000
0040
0A7F
0A7E
0A7D
0A7C
0A7B
0A7A
0A79
0A78
0A77
0A76
0A75
0A74
0A73
0A72
0A71
0A70
0A6F
0A6E
0A6D
0A6C
0A6B
0A6A
0A69
0A68
0A67
0A66
0A65
0A64
0A63
0A62
0A61
0A60
0A5F
0A5E
0A5D
0A5C
0A5B
0A5A
0A59
0A58
0A57
0A56
0A55
0A54
0A53
0A52
0A51
0A50
0A4F
0A4E
0A4D
0A4C
0A4B
0A4A
0A49
0A48
0A47
0A46
0A45
0A44
0A43
0A42
0A41
0A40
