0000
0000
0000
0000
0000
0000
0000
0000
0000
0000
0000
0000
0000
0000
0000
0000
0000
0000
0000
0000
0000
0000
0000
0000
0000
0000
0000
0000
0000
0000
0000
0000
0000
0000
0000
0000
0000
0000
0000
0000
0000
0000
0000
0000
0000
0000
0000
0000
0000
0000
0000
0000
0000
0000
0000
0000
0000
0000
0000
0000
0000
0000
0000
0000
0000
0000
0000
0000
0000
0000
0000
0000
0000
0000
0000
0000
0000
0000
0000
0000
0000
0000
0000
0000
0000
0000
0000
0000
0000
0000
0000
0000
0000
0000
0000
0000
0000
0000
0000
0000
0000
0000
0000
0000
0000
0000
0000
0000
0000
0000
0000
0000
0000
0000
0000
0000
0000
0000
0000
0000
0000
0000
0000
0000
0000
0000
0000
0000
0000
0000
0000
0000
0000
0000
0000
0000
0000
0000
0000
0000
0000
0000
0000
0000
0000
0000
0000
0000
0000
0000
0000
0000
0000
0000
0000
0000
0000
0000
0000
0000
0000
0000
0000
0000
0000
0000
0000
0000
0000
0000
0000
0000
0000
0000
0000
0000
0000
0000
0000
0000
0000
0000
0000
0000
0000
0000
0000
0000
0000
0000
0000
0040
32FF
32FE
32FD
32FC
32FB
32FA
32F9
32F8
32F7
32F6
32F5
32F4
32F3
32F2
32F1
32F0
32EF
32EE
32ED
32EC
32EB
32EA
32E9
32E8
32E7
32E6
32E5
32E4
32E3
32E2
32E1
32E0
32DF
32DE
32DD
32DC
32DB
32DA
32D9
32D8
32D7
32D6
32D5
32D4
32D3
32D2
32D1
32D0
32CF
32CE
32CD
32CC
32CB
32CA
32C9
32C8
32C7
32C6
32C5
32C4
32C3
32C2
32C1
32C0
