0000
0000
0000
0000
0000
0000
0000
0000
0000
0000
0000
0000
0000
0000
0000
0000
0000
0000
0000
0000
0000
0000
0000
0000
0000
0000
0000
0000
0000
0000
0000
0000
0000
0000
0000
0000
0000
0000
0000
0000
0000
0000
0000
0000
0000
0000
0000
0000
0000
0000
0000
0000
0000
0000
0000
0000
0000
0000
0000
0000
0000
0000
0000
0000
0000
0000
0000
0000
0000
0000
0000
0000
0000
0000
0000
0000
0000
0000
0000
0000
0000
0000
0000
0000
0000
0000
0000
0000
0000
0000
0000
0000
0000
0000
0000
0000
0000
0000
0000
0000
0000
0000
0000
0000
0000
0000
0000
0000
0000
0000
0000
0000
0000
0000
0000
0000
0000
0000
0000
0000
0000
0000
0000
0000
0000
0000
0000
0000
0000
0000
0000
0000
0000
0000
0000
0000
0000
0000
0000
0000
0000
0000
0000
0000
0000
0000
0000
0000
0000
0000
0000
0000
0000
0000
0000
0000
0000
0000
0000
0000
0000
0000
0000
0000
0000
0000
0000
0000
0000
0000
0000
0000
0000
0000
0000
0000
0000
0000
0000
0000
0000
0000
0000
0000
0000
0000
0000
0000
0000
0000
0000
0040
0DBF
0DBE
0DBD
0DBC
0DBB
0DBA
0DB9
0DB8
0DB7
0DB6
0DB5
0DB4
0DB3
0DB2
0DB1
0DB0
0DAF
0DAE
0DAD
0DAC
0DAB
0DAA
0DA9
0DA8
0DA7
0DA6
0DA5
0DA4
0DA3
0DA2
0DA1
0DA0
0D9F
0D9E
0D9D
0D9C
0D9B
0D9A
0D99
0D98
0D97
0D96
0D95
0D94
0D93
0D92
0D91
0D90
0D8F
0D8E
0D8D
0D8C
0D8B
0D8A
0D89
0D88
0D87
0D86
0D85
0D84
0D83
0D82
0D81
0D80
