0000
0000
0000
0000
0000
0000
0000
0000
0000
0000
0000
0000
0000
0000
0000
0000
0000
0000
0000
0000
0000
0000
0000
0000
0000
0000
0000
0000
0000
0000
0000
0000
0000
0000
0000
0000
0000
0000
0000
0000
0000
0000
0000
0000
0000
0000
0000
0000
0000
0000
0000
0000
0000
0000
0000
0000
0000
0000
0000
0000
0000
0000
0000
0000
0000
0000
0000
0000
0000
0000
0000
0000
0000
0000
0000
0000
0000
0000
0000
0000
0000
0000
0000
0000
0000
0000
0000
0000
0000
0000
0000
0000
0000
0000
0000
0000
0000
0000
0000
0000
0000
0000
0000
0000
0000
0000
0000
0000
0000
0000
0000
0000
0000
0000
0000
0000
0000
0000
0000
0000
0000
0000
0000
0000
0000
0000
0000
0000
0000
0000
0000
0000
0000
0000
0000
0000
0000
0000
0000
0000
0000
0000
0000
0000
0000
0000
0000
0000
0000
0000
0000
0000
0000
0000
0000
0000
0000
0000
0000
0000
0000
0000
0000
0000
0000
0000
0000
0000
0000
0000
0000
0000
0000
0000
0000
0000
0000
0000
0000
0000
0000
0000
0000
0000
0000
0000
0000
0000
0000
0000
0000
0040
3B3F
3B3E
3B3D
3B3C
3B3B
3B3A
3B39
3B38
3B37
3B36
3B35
3B34
3B33
3B32
3B31
3B30
3B2F
3B2E
3B2D
3B2C
3B2B
3B2A
3B29
3B28
3B27
3B26
3B25
3B24
3B23
3B22
3B21
3B20
3B1F
3B1E
3B1D
3B1C
3B1B
3B1A
3B19
3B18
3B17
3B16
3B15
3B14
3B13
3B12
3B11
3B10
3B0F
3B0E
3B0D
3B0C
3B0B
3B0A
3B09
3B08
3B07
3B06
3B05
3B04
3B03
3B02
3B01
3B00
