0000
0000
0000
0000
0000
0000
0000
0000
0000
0000
0000
0000
0000
0000
0000
0000
0000
0000
0000
0000
0000
0000
0000
0000
0000
0000
0000
0000
0000
0000
0000
0000
0000
0000
0000
0000
0000
0000
0000
0000
0000
0000
0000
0000
0000
0000
0000
0000
0000
0000
0000
0000
0000
0000
0000
0000
0000
0000
0000
0000
0000
0000
0000
0000
0000
0000
0000
0000
0000
0000
0000
0000
0000
0000
0000
0000
0000
0000
0000
0000
0000
0000
0000
0000
0000
0000
0000
0000
0000
0000
0000
0000
0000
0000
0000
0000
0000
0000
0000
0000
0000
0000
0000
0000
0000
0000
0000
0000
0000
0000
0000
0000
0000
0000
0000
0000
0000
0000
0000
0000
0000
0000
0000
0000
0000
0000
0000
0000
0000
0000
0000
0000
0000
0000
0000
0000
0000
0000
0000
0000
0000
0000
0000
0000
0000
0000
0000
0000
0000
0000
0000
0000
0000
0000
0000
0000
0000
0000
0000
0000
0000
0000
0000
0000
0000
0000
0000
0000
0000
0000
0000
0000
0000
0000
0000
0000
0000
0000
0000
0000
0000
0000
0000
0000
0000
0000
0000
0000
0000
0000
0000
0040
2FFF
2FFE
2FFD
2FFC
2FFB
2FFA
2FF9
2FF8
2FF7
2FF6
2FF5
2FF4
2FF3
2FF2
2FF1
2FF0
2FEF
2FEE
2FED
2FEC
2FEB
2FEA
2FE9
2FE8
2FE7
2FE6
2FE5
2FE4
2FE3
2FE2
2FE1
2FE0
2FDF
2FDE
2FDD
2FDC
2FDB
2FDA
2FD9
2FD8
2FD7
2FD6
2FD5
2FD4
2FD3
2FD2
2FD1
2FD0
2FCF
2FCE
2FCD
2FCC
2FCB
2FCA
2FC9
2FC8
2FC7
2FC6
2FC5
2FC4
2FC3
2FC2
2FC1
2FC0
