0000
0000
0000
0000
0000
0000
0000
0000
0000
0000
0000
0000
0000
0000
0000
0000
0000
0000
0000
0000
0000
0000
0000
0000
0000
0000
0000
0000
0000
0000
0000
0000
0000
0000
0000
0000
0000
0000
0000
0000
0000
0000
0000
0000
0000
0000
0000
0000
0000
0000
0000
0000
0000
0000
0000
0000
0000
0000
0000
0000
0000
0000
0000
0000
0000
0000
0000
0000
0000
0000
0000
0000
0000
0000
0000
0000
0000
0000
0000
0000
0000
0000
0000
0000
0000
0000
0000
0000
0000
0000
0000
0000
0000
0000
0000
0000
0000
0000
0000
0000
0000
0000
0000
0000
0000
0000
0000
0000
0000
0000
0000
0000
0000
0000
0000
0000
0000
0000
0000
0000
0000
0000
0000
0000
0000
0000
0000
0000
0000
0000
0000
0000
0000
0000
0000
0000
0000
0000
0000
0000
0000
0000
0000
0000
0000
0000
0000
0000
0000
0000
0000
0000
0000
0000
0000
0000
0000
0000
0000
0000
0000
0000
0000
0000
0000
0000
0000
0000
0000
0000
0000
0000
0000
0000
0000
0000
0000
0000
0000
0000
0000
0000
0000
0000
0000
0000
0000
0000
0000
0000
0000
0040
1ABF
1ABE
1ABD
1ABC
1ABB
1ABA
1AB9
1AB8
1AB7
1AB6
1AB5
1AB4
1AB3
1AB2
1AB1
1AB0
1AAF
1AAE
1AAD
1AAC
1AAB
1AAA
1AA9
1AA8
1AA7
1AA6
1AA5
1AA4
1AA3
1AA2
1AA1
1AA0
1A9F
1A9E
1A9D
1A9C
1A9B
1A9A
1A99
1A98
1A97
1A96
1A95
1A94
1A93
1A92
1A91
1A90
1A8F
1A8E
1A8D
1A8C
1A8B
1A8A
1A89
1A88
1A87
1A86
1A85
1A84
1A83
1A82
1A81
1A80
