0000
0000
0000
0000
0000
0000
0000
0000
0000
0000
0000
0000
0000
0000
0000
0000
0000
0000
0000
0000
0000
0000
0000
0000
0000
0000
0000
0000
0000
0000
0000
0000
0000
0000
0000
0000
0000
0000
0000
0000
0000
0000
0000
0000
0000
0000
0000
0000
0000
0000
0000
0000
0000
0000
0000
0000
0000
0000
0000
0000
0000
0000
0000
0000
0000
0000
0000
0000
0000
0000
0000
0000
0000
0000
0000
0000
0000
0000
0000
0000
0000
0000
0000
0000
0000
0000
0000
0000
0000
0000
0000
0000
0000
0000
0000
0000
0000
0000
0000
0000
0000
0000
0000
0000
0000
0000
0000
0000
0000
0000
0000
0000
0000
0000
0000
0000
0000
0000
0000
0000
0000
0000
0000
0000
0000
0000
0000
0000
0000
0000
0000
0000
0000
0000
0000
0000
0000
0000
0000
0000
0000
0000
0000
0000
0000
0000
0000
0000
0000
0000
0000
0000
0000
0000
0000
0000
0000
0000
0000
0000
0000
0000
0000
0000
0000
0000
0000
0000
0000
0000
0000
0000
0000
0000
0000
0000
0000
0000
0000
0000
0000
0000
0000
0000
0000
0000
0000
0000
0000
0000
0000
0040
4BFF
4BFE
4BFD
4BFC
4BFB
4BFA
4BF9
4BF8
4BF7
4BF6
4BF5
4BF4
4BF3
4BF2
4BF1
4BF0
4BEF
4BEE
4BED
4BEC
4BEB
4BEA
4BE9
4BE8
4BE7
4BE6
4BE5
4BE4
4BE3
4BE2
4BE1
4BE0
4BDF
4BDE
4BDD
4BDC
4BDB
4BDA
4BD9
4BD8
4BD7
4BD6
4BD5
4BD4
4BD3
4BD2
4BD1
4BD0
4BCF
4BCE
4BCD
4BCC
4BCB
4BCA
4BC9
4BC8
4BC7
4BC6
4BC5
4BC4
4BC3
4BC2
4BC1
4BC0
