0000
0000
0000
0000
0000
0000
0000
0000
0000
0000
0000
0000
0000
0000
0000
0000
0000
0000
0000
0000
0000
0000
0000
0000
0000
0000
0000
0000
0000
0000
0000
0000
0000
0000
0000
0000
0000
0000
0000
0000
0000
0000
0000
0000
0000
0000
0000
0000
0000
0000
0000
0000
0000
0000
0000
0000
0000
0000
0000
0000
0000
0000
0000
0000
0000
0000
0000
0000
0000
0000
0000
0000
0000
0000
0000
0000
0000
0000
0000
0000
0000
0000
0000
0000
0000
0000
0000
0000
0000
0000
0000
0000
0000
0000
0000
0000
0000
0000
0000
0000
0000
0000
0000
0000
0000
0000
0000
0000
0000
0000
0000
0000
0000
0000
0000
0000
0000
0000
0000
0000
0000
0000
0000
0000
0000
0000
0000
0000
0000
0000
0000
0000
0000
0000
0000
0000
0000
0000
0000
0000
0000
0000
0000
0000
0000
0000
0000
0000
0000
0000
0000
0000
0000
0000
0000
0000
0000
0000
0000
0000
0000
0000
0000
0000
0000
0000
0000
0000
0000
0000
0000
0000
0000
0000
0000
0000
0000
0000
0000
0000
0000
0000
0000
0000
0000
0000
0000
0000
0000
0000
0000
0040
27FF
27FE
27FD
27FC
27FB
27FA
27F9
27F8
27F7
27F6
27F5
27F4
27F3
27F2
27F1
27F0
27EF
27EE
27ED
27EC
27EB
27EA
27E9
27E8
27E7
27E6
27E5
27E4
27E3
27E2
27E1
27E0
27DF
27DE
27DD
27DC
27DB
27DA
27D9
27D8
27D7
27D6
27D5
27D4
27D3
27D2
27D1
27D0
27CF
27CE
27CD
27CC
27CB
27CA
27C9
27C8
27C7
27C6
27C5
27C4
27C3
27C2
27C1
27C0
