0000
0000
0000
0000
0000
0000
0000
0000
0000
0000
0000
0000
0000
0000
0000
0000
0000
0000
0000
0000
0000
0000
0000
0000
0000
0000
0000
0000
0000
0000
0000
0000
0000
0000
0000
0000
0000
0000
0000
0000
0000
0000
0000
0000
0000
0000
0000
0000
0000
0000
0000
0000
0000
0000
0000
0000
0000
0000
0000
0000
0000
0000
0000
0000
0000
0000
0000
0000
0000
0000
0000
0000
0000
0000
0000
0000
0000
0000
0000
0000
0000
0000
0000
0000
0000
0000
0000
0000
0000
0000
0000
0000
0000
0000
0000
0000
0000
0000
0000
0000
0000
0000
0000
0000
0000
0000
0000
0000
0000
0000
0000
0000
0000
0000
0000
0000
0000
0000
0000
0000
0000
0000
0000
0000
0000
0000
0000
0000
0000
0000
0000
0000
0000
0000
0000
0000
0000
0000
0000
0000
0000
0000
0000
0000
0000
0000
0000
0000
0000
0000
0000
0000
0000
0000
0000
0000
0000
0000
0000
0000
0000
0000
0000
0000
0000
0000
0000
0000
0000
0000
0000
0000
0000
0000
0000
0000
0000
0000
0000
0000
0000
0000
0000
0000
0000
0000
0000
0000
0000
0000
0000
0040
10FF
10FE
10FD
10FC
10FB
10FA
10F9
10F8
10F7
10F6
10F5
10F4
10F3
10F2
10F1
10F0
10EF
10EE
10ED
10EC
10EB
10EA
10E9
10E8
10E7
10E6
10E5
10E4
10E3
10E2
10E1
10E0
10DF
10DE
10DD
10DC
10DB
10DA
10D9
10D8
10D7
10D6
10D5
10D4
10D3
10D2
10D1
10D0
10CF
10CE
10CD
10CC
10CB
10CA
10C9
10C8
10C7
10C6
10C5
10C4
10C3
10C2
10C1
10C0
