0000
0000
0000
0000
0000
0000
0000
0000
0000
0000
0000
0000
0000
0000
0000
0000
0000
0000
0000
0000
0000
0000
0000
0000
0000
0000
0000
0000
0000
0000
0000
0000
0000
0000
0000
0000
0000
0000
0000
0000
0000
0000
0000
0000
0000
0000
0000
0000
0000
0000
0000
0000
0000
0000
0000
0000
0000
0000
0000
0000
0000
0000
0000
0000
0000
0000
0000
0000
0000
0000
0000
0000
0000
0000
0000
0000
0000
0000
0000
0000
0000
0000
0000
0000
0000
0000
0000
0000
0000
0000
0000
0000
0000
0000
0000
0000
0000
0000
0000
0000
0000
0000
0000
0000
0000
0000
0000
0000
0000
0000
0000
0000
0000
0000
0000
0000
0000
0000
0000
0000
0000
0000
0000
0000
0000
0000
0000
0000
0000
0000
0000
0000
0000
0000
0000
0000
0000
0000
0000
0000
0000
0000
0000
0000
0000
0000
0000
0000
0000
0000
0000
0000
0000
0000
0000
0000
0000
0000
0000
0000
0000
0000
0000
0000
0000
0000
0000
0000
0000
0000
0000
0000
0000
0000
0000
0000
0000
0000
0000
0000
0000
0000
0000
0000
0000
0000
0000
0000
0000
0000
0000
0040
1FFF
1FFE
1FFD
1FFC
1FFB
1FFA
1FF9
1FF8
1FF7
1FF6
1FF5
1FF4
1FF3
1FF2
1FF1
1FF0
1FEF
1FEE
1FED
1FEC
1FEB
1FEA
1FE9
1FE8
1FE7
1FE6
1FE5
1FE4
1FE3
1FE2
1FE1
1FE0
1FDF
1FDE
1FDD
1FDC
1FDB
1FDA
1FD9
1FD8
1FD7
1FD6
1FD5
1FD4
1FD3
1FD2
1FD1
1FD0
1FCF
1FCE
1FCD
1FCC
1FCB
1FCA
1FC9
1FC8
1FC7
1FC6
1FC5
1FC4
1FC3
1FC2
1FC1
1FC0
