0000
0000
0000
0000
0000
0000
0000
0000
0000
0000
0000
0000
0000
0000
0000
0000
0000
0000
0000
0000
0000
0000
0000
0000
0000
0000
0000
0000
0000
0000
0000
0000
0000
0000
0000
0000
0000
0000
0000
0000
0000
0000
0000
0000
0000
0000
0000
0000
0000
0000
0000
0000
0000
0000
0000
0000
0000
0000
0000
0000
0000
0000
0000
0000
0000
0000
0000
0000
0000
0000
0000
0000
0000
0000
0000
0000
0000
0000
0000
0000
0000
0000
0000
0000
0000
0000
0000
0000
0000
0000
0000
0000
0000
0000
0000
0000
0000
0000
0000
0000
0000
0000
0000
0000
0000
0000
0000
0000
0000
0000
0000
0000
0000
0000
0000
0000
0000
0000
0000
0000
0000
0000
0000
0000
0000
0000
0000
0000
0000
0000
0000
0000
0000
0000
0000
0000
0000
0000
0000
0000
0000
0000
0000
0000
0000
0000
0000
0000
0000
0000
0000
0000
0000
0000
0000
0000
0000
0000
0000
0000
0000
0000
0000
0000
0000
0000
0000
0000
0000
0000
0000
0000
0000
0000
0000
0000
0000
0000
0000
0000
0000
0000
0000
0000
0000
0000
0000
0000
0000
0000
0000
0040
2EFF
2EFE
2EFD
2EFC
2EFB
2EFA
2EF9
2EF8
2EF7
2EF6
2EF5
2EF4
2EF3
2EF2
2EF1
2EF0
2EEF
2EEE
2EED
2EEC
2EEB
2EEA
2EE9
2EE8
2EE7
2EE6
2EE5
2EE4
2EE3
2EE2
2EE1
2EE0
2EDF
2EDE
2EDD
2EDC
2EDB
2EDA
2ED9
2ED8
2ED7
2ED6
2ED5
2ED4
2ED3
2ED2
2ED1
2ED0
2ECF
2ECE
2ECD
2ECC
2ECB
2ECA
2EC9
2EC8
2EC7
2EC6
2EC5
2EC4
2EC3
2EC2
2EC1
2EC0
