0000
0000
0000
0000
0000
0000
0000
0000
0000
0000
0000
0000
0000
0000
0000
0000
0000
0000
0000
0000
0000
0000
0000
0000
0000
0000
0000
0000
0000
0000
0000
0000
0000
0000
0000
0000
0000
0000
0000
0000
0000
0000
0000
0000
0000
0000
0000
0000
0000
0000
0000
0000
0000
0000
0000
0000
0000
0000
0000
0000
0000
0000
0000
0000
0000
0000
0000
0000
0000
0000
0000
0000
0000
0000
0000
0000
0000
0000
0000
0000
0000
0000
0000
0000
0000
0000
0000
0000
0000
0000
0000
0000
0000
0000
0000
0000
0000
0000
0000
0000
0000
0000
0000
0000
0000
0000
0000
0000
0000
0000
0000
0000
0000
0000
0000
0000
0000
0000
0000
0000
0000
0000
0000
0000
0000
0000
0000
0000
0000
0000
0000
0000
0000
0000
0000
0000
0000
0000
0000
0000
0000
0000
0000
0000
0000
0000
0000
0000
0000
0000
0000
0000
0000
0000
0000
0000
0000
0000
0000
0000
0000
0000
0000
0000
0000
0000
0000
0000
0000
0000
0000
0000
0000
0000
0000
0000
0000
0000
0000
0000
0000
0000
0000
0000
0000
0000
0000
0000
0000
0000
0000
0040
47FF
47FE
47FD
47FC
47FB
47FA
47F9
47F8
47F7
47F6
47F5
47F4
47F3
47F2
47F1
47F0
47EF
47EE
47ED
47EC
47EB
47EA
47E9
47E8
47E7
47E6
47E5
47E4
47E3
47E2
47E1
47E0
47DF
47DE
47DD
47DC
47DB
47DA
47D9
47D8
47D7
47D6
47D5
47D4
47D3
47D2
47D1
47D0
47CF
47CE
47CD
47CC
47CB
47CA
47C9
47C8
47C7
47C6
47C5
47C4
47C3
47C2
47C1
47C0
