0000
0000
0000
0000
0000
0000
0000
0000
0000
0000
0000
0000
0000
0000
0000
0000
0000
0000
0000
0000
0000
0000
0000
0000
0000
0000
0000
0000
0000
0000
0000
0000
0000
0000
0000
0000
0000
0000
0000
0000
0000
0000
0000
0000
0000
0000
0000
0000
0000
0000
0000
0000
0000
0000
0000
0000
0000
0000
0000
0000
0000
0000
0000
0000
0000
0000
0000
0000
0000
0000
0000
0000
0000
0000
0000
0000
0000
0000
0000
0000
0000
0000
0000
0000
0000
0000
0000
0000
0000
0000
0000
0000
0000
0000
0000
0000
0000
0000
0000
0000
0000
0000
0000
0000
0000
0000
0000
0000
0000
0000
0000
0000
0000
0000
0000
0000
0000
0000
0000
0000
0000
0000
0000
0000
0000
0000
0000
0000
0000
0000
0000
0000
0000
0000
0000
0000
0000
0000
0000
0000
0000
0000
0000
0000
0000
0000
0000
0000
0000
0000
0000
0000
0000
0000
0000
0000
0000
0000
0000
0000
0000
0000
0000
0000
0000
0000
0000
0000
0000
0000
0000
0000
0000
0000
0000
0000
0000
0000
0000
0000
0000
0000
0000
0000
0000
0000
0000
0000
0000
0000
0000
0040
2F7F
2F7E
2F7D
2F7C
2F7B
2F7A
2F79
2F78
2F77
2F76
2F75
2F74
2F73
2F72
2F71
2F70
2F6F
2F6E
2F6D
2F6C
2F6B
2F6A
2F69
2F68
2F67
2F66
2F65
2F64
2F63
2F62
2F61
2F60
2F5F
2F5E
2F5D
2F5C
2F5B
2F5A
2F59
2F58
2F57
2F56
2F55
2F54
2F53
2F52
2F51
2F50
2F4F
2F4E
2F4D
2F4C
2F4B
2F4A
2F49
2F48
2F47
2F46
2F45
2F44
2F43
2F42
2F41
2F40
